#       time                 x_1                 y_1                 z_1                 x_2                 y_2                 z_2
   0.0000000    1.6000000000e+01    1.6000000000e+01    2.0000000000e+01    1.6000000000e+01    1.6000000000e+01    1.2000000000e+01
   0.2000000    1.6000000000e+01    1.6000000000e+01    1.9999917311e+01    1.6000000000e+01    1.6000000000e+01    1.2000082689e+01
   0.4000000    1.6000000000e+01    1.6000000000e+01    1.9999449264e+01    1.6000000000e+01    1.6000000000e+01    1.2000550736e+01
   0.6000000    1.6000000000e+01    1.6000000000e+01    1.9998349147e+01    1.6000000000e+01    1.6000000000e+01    1.2001650853e+01
   0.8000000    1.6000000000e+01    1.6000000000e+01    1.9996494943e+01    1.6000000000e+01    1.6000000000e+01    1.2003505057e+01
   1.0000000    1.6000000000e+01    1.6000000000e+01    1.9993856563e+01    1.6000000000e+01    1.6000000000e+01    1.2006143437e+01
   1.2000000    1.6000000000e+01    1.6000000000e+01    1.9990467176e+01    1.6000000000e+01    1.6000000000e+01    1.2009532824e+01
   1.4000000    1.6000000000e+01    1.6000000000e+01    1.9986399627e+01    1.6000000000e+01    1.6000000000e+01    1.2013600373e+01
   1.6000000    1.6000000000e+01    1.6000000000e+01    1.9981747778e+01    1.6000000000e+01    1.6000000000e+01    1.2018252222e+01
   1.8000000    1.6000000000e+01    1.6000000000e+01    1.9976612200e+01    1.6000000000e+01    1.6000000000e+01    1.2023387800e+01
   2.0000000    1.6000000000e+01    1.6000000000e+01    1.9971089729e+01    1.6000000000e+01    1.6000000000e+01    1.2028910272e+01
   2.2000000    1.6000000000e+01    1.6000000000e+01    1.9965266592e+01    1.6000000000e+01    1.6000000000e+01    1.2034733408e+01
   2.4000000    1.6000000000e+01    1.6000000000e+01    1.9959214913e+01    1.6000000000e+01    1.6000000000e+01    1.2040785086e+01
   2.6000000    1.6000000000e+01    1.6000000000e+01    1.9952992263e+01    1.6000000000e+01    1.6000000000e+01    1.2047007734e+01
   2.8000000    1.6000000000e+01    1.6000000000e+01    1.9946643613e+01    1.6000000000e+01    1.6000000000e+01    1.2053356378e+01
   3.0000000    1.6000000000e+01    1.6000000000e+01    1.9940204674e+01    1.6000000000e+01    1.6000000000e+01    1.2059795310e+01
   3.2000000    1.6000000000e+01    1.6000000000e+01    1.9933705446e+01    1.6000000000e+01    1.6000000000e+01    1.2066294529e+01
   3.4000000    1.6000000000e+01    1.6000000000e+01    1.9927173131e+01    1.6000000000e+01    1.6000000000e+01    1.2072826838e+01
   3.6000000    1.6000000000e+01    1.6000000000e+01    1.9920633995e+01    1.6000000000e+01    1.6000000000e+01    1.2079365978e+01
   3.8000000    1.6000000000e+01    1.6000000000e+01    1.9914114327e+01    1.6000000000e+01    1.6000000000e+01    1.2085885669e+01
   4.0000000    1.6000000000e+01    1.6000000000e+01    1.9907640886e+01    1.6000000000e+01    1.6000000000e+01    1.2092359163e+01
   4.2000000    1.6000000000e+01    1.6000000000e+01    1.9901241277e+01    1.6000000000e+01    1.6000000000e+01    1.2098758865e+01
   4.4000000    1.6000000000e+01    1.6000000000e+01    1.9894944506e+01    1.6000000000e+01    1.6000000000e+01    1.2105055771e+01
   4.6000000    1.6000000001e+01    1.6000000001e+01    1.9888781658e+01    1.6000000000e+01    1.6000000000e+01    1.2111218787e+01
   4.8000000    1.6000000002e+01    1.6000000002e+01    1.9882786440e+01    1.6000000001e+01    1.6000000001e+01    1.2117214176e+01
   5.0000000    1.6000000004e+01    1.6000000004e+01    1.9876995215e+01    1.6000000001e+01    1.6000000001e+01    1.2123005520e+01
   5.2000000    1.6000000007e+01    1.6000000007e+01    1.9871446222e+01    1.6000000001e+01    1.6000000001e+01    1.2128554508e+01
   5.4000000    1.6000000010e+01    1.6000000010e+01    1.9866177817e+01    1.6000000001e+01    1.6000000001e+01    1.2133822687e+01
   5.6000000    1.6000000011e+01    1.6000000011e+01    1.9861225823e+01    1.6000000000e+01    1.6000000000e+01    1.2138774140e+01
   5.8000000    1.6000000011e+01    1.6000000011e+01    1.9856620276e+01    1.5999999998e+01    1.5999999998e+01    1.2143378753e+01
   6.0000000    1.6000000006e+01    1.6000000006e+01    1.9852382036e+01    1.5999999995e+01    1.5999999995e+01    1.2147615639e+01
   6.2000000    1.5999999997e+01    1.5999999997e+01    1.9848519725e+01    1.5999999991e+01    1.5999999991e+01    1.2151476231e+01
   6.4000000    1.5999999982e+01    1.5999999982e+01    1.9845027391e+01    1.5999999987e+01    1.5999999987e+01    1.2154966648e+01
   6.6000000    1.5999999960e+01    1.5999999960e+01    1.9841883175e+01    1.5999999984e+01    1.5999999984e+01    1.2158109048e+01
   6.8000000    1.5999999935e+01    1.5999999935e+01    1.9839049154e+01    1.5999999983e+01    1.5999999983e+01    1.2160941785e+01
   7.0000000    1.5999999910e+01    1.5999999910e+01    1.9836472417e+01    1.5999999988e+01    1.5999999988e+01    1.2163518308e+01
   7.2000000    1.5999999890e+01    1.5999999890e+01    1.9834087339e+01    1.6000000001e+01    1.6000000001e+01    1.2165904827e+01
   7.4000000    1.5999999882e+01    1.5999999882e+01    1.9831818933e+01    1.6000000022e+01    1.6000000022e+01    1.2168176876e+01
   7.6000000    1.5999999893e+01    1.5999999893e+01    1.9829587074e+01    1.6000000052e+01    1.6000000052e+01    1.2170414973e+01
   7.8000000    1.5999999929e+01    1.5999999929e+01    1.9827311267e+01    1.6000000089e+01    1.6000000089e+01    1.2172699722e+01
   8.0000000    1.5999999993e+01    1.5999999993e+01    1.9824915608e+01    1.6000000128e+01    1.6000000128e+01    1.2175106720e+01
   8.2000000    1.6000000083e+01    1.6000000083e+01    1.9822333520e+01    1.6000000157e+01    1.6000000157e+01    1.2177701715e+01
   8.4000000    1.6000000190e+01    1.6000000190e+01    1.9819511856e+01    1.6000000165e+01    1.6000000165e+01    1.2180536423e+01
   8.6000000    1.6000000299e+01    1.6000000299e+01    1.9816414020e+01    1.6000000138e+01    1.6000000138e+01    1.2183645396e+01
   8.8000000    1.6000000388e+01    1.6000000388e+01    1.9813021832e+01    1.6000000060e+01    1.6000000060e+01    1.2187044205e+01
   9.0000000    1.6000000432e+01    1.6000000432e+01    1.9809335961e+01    1.5999999921e+01    1.5999999921e+01    1.2190729125e+01
   9.2000000    1.6000000409e+01    1.6000000409e+01    1.9805374946e+01    1.5999999719e+01    1.5999999719e+01    1.2194678315e+01
   9.4000000    1.6000000297e+01    1.6000000297e+01    1.9801172885e+01    1.5999999463e+01    1.5999999463e+01    1.2198854369e+01
   9.6000000    1.6000000085e+01    1.6000000085e+01    1.9796776087e+01    1.5999999179e+01    1.5999999179e+01    1.2203207947e+01
   9.8000000    1.5999999772e+01    1.5999999772e+01    1.9792239030e+01    1.5999998908e+01    1.5999998908e+01    1.2207682120e+01
  10.0000000    1.5999999368e+01    1.5999999368e+01    1.9787620036e+01    1.5999998709e+01    1.5999998709e+01    1.2212216953e+01
  10.2000000    1.5999998890e+01    1.5999998890e+01    1.9782977109e+01    1.5999998652e+01    1.5999998652e+01    1.2216753902e+01
  10.4000000    1.5999998356e+01    1.5999998356e+01    1.9778364281e+01    1.5999998810e+01    1.5999998810e+01    1.2221239605e+01
  10.6000000    1.5999997775e+01    1.5999997775e+01    1.9773828773e+01    1.5999999251e+01    1.5999999251e+01    1.2225628781e+01
  10.8000000    1.5999997128e+01    1.5999997128e+01    1.9769409125e+01    1.6000000021e+01    1.6000000021e+01    1.2229886046e+01
  11.0000000    1.5999996359e+01    1.5999996359e+01    1.9765134331e+01    1.6000001128e+01    1.6000001128e+01    1.2233986630e+01
  11.2000000    1.5999995350e+01    1.5999995350e+01    1.9761023918e+01    1.6000002531e+01    1.6000002531e+01    1.2237916057e+01
  11.4000000    1.5999993915e+01    1.5999993915e+01    1.9757088797e+01    1.6000004123e+01    1.6000004123e+01    1.2241669002e+01
  11.6000000    1.5999991782e+01    1.5999991782e+01    1.9753332652e+01    1.6000005725e+01    1.6000005725e+01    1.2245247560e+01
  11.8000000    1.5999988599e+01    1.5999988599e+01    1.9749753650e+01    1.6000007081e+01    1.6000007081e+01    1.2248659210e+01
  12.0000000    1.5999983934e+01    1.5999983934e+01    1.9746346211e+01    1.6000007866e+01    1.6000007866e+01    1.2251914743e+01
  12.2000000    1.5999977298e+01    1.5999977298e+01    1.9743102651e+01    1.6000007694e+01    1.6000007694e+01    1.2255026368e+01
  12.4000000    1.5999968165e+01    1.5999968165e+01    1.9740014540e+01    1.6000006144e+01    1.6000006144e+01    1.2258006184e+01
  12.6000000    1.5999956014e+01    1.5999956014e+01    1.9737073690e+01    1.6000002780e+01    1.6000002780e+01    1.2260865089e+01
  12.8000000    1.5999940370e+01    1.5999940370e+01    1.9734272739e+01    1.5999997190e+01    1.5999997190e+01    1.2263612171e+01
  13.0000000    1.5999920846e+01    1.5999920846e+01    1.9731605347e+01    1.5999989011e+01    1.5999989011e+01    1.2266254540e+01
  13.2000000    1.5999897189e+01    1.5999897189e+01    1.9729066074e+01    1.5999977965e+01    1.5999977965e+01    1.2268797521e+01
  13.4000000    1.5999869316e+01    1.5999869316e+01    1.9726650032e+01    1.5999963888e+01    1.5999963888e+01    1.2271245097e+01
  13.6000000    1.5999837338e+01    1.5999837338e+01    1.9724352397e+01    1.5999946747e+01    1.5999946747e+01    1.2273600492e+01
  13.8000000    1.5999801579e+01    1.5999801579e+01    1.9722167912e+01    1.5999926655e+01    1.5999926655e+01    1.2275866771e+01
  14.0000000    1.5999762565e+01    1.5999762565e+01    1.9720090435e+01    1.5999903876e+01    1.5999903876e+01    1.2278047368e+01
  14.2000000    1.5999721017e+01    1.5999721017e+01    1.9718112636e+01    1.5999878813e+01    1.5999878813e+01    1.2280146469e+01
  14.4000000    1.5999677810e+01    1.5999677810e+01    1.9716225857e+01    1.5999851992e+01    1.5999851992e+01    1.2282169227e+01
  14.6000000    1.5999633935e+01    1.5999633935e+01    1.9714420166e+01    1.5999824041e+01    1.5999824041e+01    1.2284121784e+01
  14.8000000    1.5999590446e+01    1.5999590446e+01    1.9712684596e+01    1.5999795652e+01    1.5999795652e+01    1.2286011122e+01
  15.0000000    1.5999548403e+01    1.5999548403e+01    1.9711007540e+01    1.5999767554e+01    1.5999767554e+01    1.2287844787e+01
  15.2000000    1.5999508826e+01    1.5999508826e+01    1.9709377250e+01    1.5999740469e+01    1.5999740469e+01    1.2289630517e+01
  15.4000000    1.5999472638e+01    1.5999472638e+01    1.9707782408e+01    1.5999715082e+01    1.5999715082e+01    1.2291375834e+01
  15.6000000    1.5999440634e+01    1.5999440634e+01    1.9706212688e+01    1.5999692006e+01    1.5999692006e+01    1.2293087648e+01
  15.8000000    1.5999413446e+01    1.5999413446e+01    1.9704659282e+01    1.5999671761e+01    1.5999671761e+01    1.2294771904e+01
  16.0000000    1.5999391535e+01    1.5999391535e+01    1.9703115316e+01    1.5999654750e+01    1.5999654750e+01    1.2296433318e+01
  16.2000000    1.5999375185e+01    1.5999375185e+01    1.9701576148e+01    1.5999641249e+01    1.5999641249e+01    1.2298075221e+01
  16.4000000    1.5999364510e+01    1.5999364510e+01    1.9700039492e+01    1.5999631409e+01    1.5999631409e+01    1.2299699516e+01
  16.6000000    1.5999359476e+01    1.5999359476e+01    1.9698505391e+01    1.5999625256e+01    1.5999625256e+01    1.2301306754e+01
  16.8000000    1.5999359923e+01    1.5999359923e+01    1.9696976019e+01    1.5999622708e+01    1.5999622708e+01    1.2302896317e+01
  17.0000000    1.5999365592e+01    1.5999365592e+01    1.9695455341e+01    1.5999623597e+01    1.5999623597e+01    1.2304466690e+01
  17.2000000    1.5999376159e+01    1.5999376159e+01    1.9693948678e+01    1.5999627684e+01    1.5999627684e+01    1.2306015802e+01
  17.4000000    1.5999391258e+01    1.5999391258e+01    1.9692462189e+01    1.5999634693e+01    1.5999634693e+01    1.2307541393e+01
  17.6000000    1.5999410508e+01    1.5999410508e+01    1.9691002346e+01    1.5999644331e+01    1.5999644331e+01    1.2309041389e+01
  17.8000000    1.5999433533e+01    1.5999433533e+01    1.9689575431e+01    1.5999656311e+01    1.5999656311e+01    1.2310514244e+01
  18.0000000    1.5999459976e+01    1.5999459976e+01    1.9688187104e+01    1.5999670369e+01    1.5999670369e+01    1.2311959213e+01
  18.2000000    1.5999489512e+01    1.5999489512e+01    1.9686842071e+01    1.5999686277e+01    1.5999686277e+01    1.2313376546e+01
  18.4000000    1.5999521856e+01    1.5999521856e+01    1.9685543874e+01    1.5999703850e+01    1.5999703850e+01    1.2314767565e+01
  18.6000000    1.5999556759e+01    1.5999556759e+01    1.9684294805e+01    1.5999722946e+01    1.5999722946e+01    1.2316134635e+01
  18.8000000    1.5999594014e+01    1.5999594014e+01    1.9683095940e+01    1.5999743460e+01    1.5999743460e+01    1.2317481010e+01
  19.0000000    1.5999633450e+01    1.5999633450e+01    1.9681947266e+01    1.5999765319e+01    1.5999765319e+01    1.2318810590e+01
  19.2000000    1.5999674922e+01    1.5999674922e+01    1.9680847874e+01    1.5999788470e+01    1.5999788470e+01    1.2320127592e+01
  19.4000000    1.5999718308e+01    1.5999718308e+01    1.9679796189e+01    1.5999812866e+01    1.5999812866e+01    1.2321436168e+01
  19.6000000    1.5999763492e+01    1.5999763492e+01    1.9678790192e+01    1.5999838456e+01    1.5999838456e+01    1.2322740022e+01
  19.8000000    1.5999810353e+01    1.5999810353e+01    1.9677827611e+01    1.5999865173e+01    1.5999865173e+01    1.2324042036e+01
  20.0000000    1.5999858751e+01    1.5999858751e+01    1.9676906063e+01    1.5999892925e+01    1.5999892925e+01    1.2325343962e+01
  20.2000000    1.5999908509e+01    1.5999908509e+01    1.9676023130e+01    1.5999921585e+01    1.5999921585e+01    1.2326646199e+01
  20.4000000    1.5999959403e+01    1.5999959403e+01    1.9675176369e+01    1.5999950991e+01    1.5999950991e+01    1.2327947669e+01
  20.6000000    1.6000011152e+01    1.6000011152e+01    1.9674363277e+01    1.5999980938e+01    1.5999980938e+01    1.2329245817e+01
  20.8000000    1.6000063408e+01    1.6000063408e+01    1.9673581215e+01    1.6000011183e+01    1.6000011183e+01    1.2330536723e+01
  21.0000000    1.6000115765e+01    1.6000115765e+01    1.9672827328e+01    1.6000041451e+01    1.6000041451e+01    1.2331815318e+01
  21.2000000    1.6000167763e+01    1.6000167763e+01    1.9672098479e+01    1.6000071443e+01    1.6000071443e+01    1.2333075687e+01
  21.4000000    1.6000218907e+01    1.6000218907e+01    1.9671391216e+01    1.6000100853e+01    1.6000100853e+01    1.2334311429e+01
  21.6000000    1.6000268692e+01    1.6000268692e+01    1.9670701794e+01    1.6000129382e+01    1.6000129382e+01    1.2335516053e+01
  21.8000000    1.6000316635e+01    1.6000316635e+01    1.9670026264e+01    1.6000156763e+01    1.6000156763e+01    1.2336683364e+01
  22.0000000    1.6000362307e+01    1.6000362307e+01    1.9669360603e+01    1.6000182780e+01    1.6000182780e+01    1.2337807831e+01
  22.2000000    1.6000405364e+01    1.6000405364e+01    1.9668700917e+01    1.6000207294e+01    1.6000207294e+01    1.2338884902e+01
  22.4000000    1.6000445578e+01    1.6000445578e+01    1.9668043651e+01    1.6000230259e+01    1.6000230259e+01    1.2339911248e+01
  22.6000000    1.6000482851e+01    1.6000482851e+01    1.9667385831e+01    1.6000251736e+01    1.6000251736e+01    1.2340884932e+01
  22.8000000    1.6000517226e+01    1.6000517226e+01    1.9666725275e+01    1.6000271894e+01    1.6000271894e+01    1.2341805499e+01
  23.0000000    1.6000548872e+01    1.6000548872e+01    1.9666060778e+01    1.6000291002e+01    1.6000291002e+01    1.2342673979e+01
  23.2000000    1.6000578063e+01    1.6000578063e+01    1.9665392236e+01    1.6000309403e+01    1.6000309403e+01    1.2343492831e+01
  23.4000000    1.6000605134e+01    1.6000605134e+01    1.9664720702e+01    1.6000327483e+01    1.6000327483e+01    1.2344265824e+01
  23.6000000    1.6000630424e+01    1.6000630424e+01    1.9664048362e+01    1.6000345611e+01    1.6000345611e+01    1.2344997878e+01
  23.8000000    1.6000654210e+01    1.6000654210e+01    1.9663378438e+01    1.6000364084e+01    1.6000364084e+01    1.2345694876e+01
  24.0000000    1.6000676638e+01    1.6000676638e+01    1.9662715011e+01    1.6000383056e+01    1.6000383056e+01    1.2346363463e+01
  24.2000000    1.6000697647e+01    1.6000697647e+01    1.9662062791e+01    1.6000402471e+01    1.6000402471e+01    1.2347010835e+01
  24.4000000    1.6000716917e+01    1.6000716917e+01    1.9661426837e+01    1.6000422004e+01    1.6000422004e+01    1.2347644537e+01
  24.6000000    1.6000733819e+01    1.6000733819e+01    1.9660812251e+01    1.6000441012e+01    1.6000441012e+01    1.2348272262e+01
  24.8000000    1.6000747398e+01    1.6000747398e+01    1.9660223867e+01    1.6000458513e+01    1.6000458513e+01    1.2348901643e+01
  25.0000000    1.6000756383e+01    1.6000756383e+01    1.9659665945e+01    1.6000473193e+01    1.6000473193e+01    1.2349540061e+01
  25.2000000    1.6000759229e+01    1.6000759229e+01    1.9659141900e+01    1.6000483443e+01    1.6000483443e+01    1.2350194432e+01
  25.4000000    1.6000754196e+01    1.6000754196e+01    1.9658654078e+01    1.6000487435e+01    1.6000487435e+01    1.2350870998e+01
  25.6000000    1.6000739455e+01    1.6000739455e+01    1.9658203577e+01    1.6000483228e+01    1.6000483228e+01    1.2351575097e+01
  25.8000000    1.6000713229e+01    1.6000713229e+01    1.9657790146e+01    1.6000468908e+01    1.6000468908e+01    1.2352310941e+01
  26.0000000    1.6000673943e+01    1.6000673943e+01    1.9657412142e+01    1.6000442744e+01    1.6000442744e+01    1.2353081389e+01
  26.2000000    1.6000620391e+01    1.6000620391e+01    1.9657066566e+01    1.6000403353e+01    1.6000403353e+01    1.2353887742e+01
  26.4000000    1.6000551888e+01    1.6000551888e+01    1.9656749160e+01    1.6000349864e+01    1.6000349864e+01    1.2354729568e+01
  26.6000000    1.6000468411e+01    1.6000468411e+01    1.9656454569e+01    1.6000282057e+01    1.6000282057e+01    1.2355604591e+01
  26.8000000    1.6000370695e+01    1.6000370695e+01    1.9656176554e+01    1.6000200472e+01    1.6000200472e+01    1.2356508645e+01
  27.0000000    1.6000260291e+01    1.6000260291e+01    1.9655908245e+01    1.6000106467e+01    1.6000106467e+01    1.2357435726e+01
  27.2000000    1.6000139559e+01    1.6000139559e+01    1.9655642429e+01    1.6000002225e+01    1.6000002225e+01    1.2358378145e+01
  27.4000000    1.6000011606e+01    1.6000011606e+01    1.9655371847e+01    1.5999890692e+01    1.5999890692e+01    1.2359326789e+01
  27.6000000    1.5999880159e+01    1.5999880159e+01    1.9655089498e+01    1.5999775460e+01    1.5999775460e+01    1.2360271485e+01
  27.8000000    1.5999749380e+01    1.5999749380e+01    1.9654788931e+01    1.5999660593e+01    1.5999660593e+01    1.2361201456e+01
  28.0000000    1.5999623636e+01    1.5999623636e+01    1.9654464511e+01    1.5999550407e+01    1.5999550407e+01    1.2362105841e+01
  28.2000000    1.5999507247e+01    1.5999507247e+01    1.9654111660e+01    1.5999449226e+01    1.5999449226e+01    1.2362974252e+01
  28.4000000    1.5999404210e+01    1.5999404210e+01    1.9653727049e+01    1.5999361121e+01    1.5999361121e+01    1.2363797340e+01
  28.6000000    1.5999317948e+01    1.5999317948e+01    1.9653308744e+01    1.5999289666e+01    1.5999289666e+01    1.2364567313e+01
  28.8000000    1.5999251079e+01    1.5999251079e+01    1.9652856293e+01    1.5999237718e+01    1.5999237718e+01    1.2365278389e+01
  29.0000000    1.5999205239e+01    1.5999205239e+01    1.9652370762e+01    1.5999207241e+01    1.5999207241e+01    1.2365927133e+01
  29.2000000    1.5999180973e+01    1.5999180973e+01    1.9651854701e+01    1.5999199191e+01    1.5999199191e+01    1.2366512661e+01
  29.4000000    1.5999177691e+01    1.5999177691e+01    1.9651312053e+01    1.5999213463e+01    1.5999213463e+01    1.2367036681e+01
  29.6000000    1.5999193709e+01    1.5999193709e+01    1.9650748000e+01    1.5999248901e+01    1.5999248901e+01    1.2367503373e+01
  29.8000000    1.5999226367e+01    1.5999226367e+01    1.9650168754e+01    1.5999303373e+01    1.5999303373e+01    1.2367919104e+01
  30.0000000    1.5999272205e+01    1.5999272205e+01    1.9649581290e+01    1.5999373899e+01    1.5999373899e+01    1.2368291997e+01
  30.2000000    1.5999327210e+01    1.5999327210e+01    1.9648993045e+01    1.5999456822e+01    1.5999456822e+01    1.2368631396e+01
  30.4000000    1.5999387076e+01    1.5999387076e+01    1.9648411581e+01    1.5999548007e+01    1.5999548007e+01    1.2368947242e+01
  30.6000000    1.5999447502e+01    1.5999447502e+01    1.9647844231e+01    1.5999643055e+01    1.5999643055e+01    1.2369249439e+01
  30.8000000    1.5999504468e+01    1.5999504468e+01    1.9647297761e+01    1.5999737518e+01    1.5999737518e+01    1.2369547232e+01
  31.0000000    1.5999554484e+01    1.5999554484e+01    1.9646778039e+01    1.5999827112e+01    1.5999827112e+01    1.2369848668e+01
  31.2000000    1.5999594796e+01    1.5999594796e+01    1.9646289762e+01    1.5999907901e+01    1.5999907901e+01    1.2370160164e+01
  31.4000000    1.5999623520e+01    1.5999623520e+01    1.9645836239e+01    1.5999976464e+01    1.5999976464e+01    1.2370486237e+01
  31.6000000    1.5999639710e+01    1.5999639710e+01    1.9645419258e+01    1.6000030028e+01    1.6000030028e+01    1.2370829386e+01
  31.8000000    1.5999643342e+01    1.5999643342e+01    1.9645039036e+01    1.6000066569e+01    1.6000066569e+01    1.2371190154e+01
  32.0000000    1.5999635226e+01    1.5999635226e+01    1.9644694270e+01    1.6000084873e+01    1.6000084873e+01    1.2371567339e+01
  32.2000000    1.5999616852e+01    1.5999616852e+01    1.9644382271e+01    1.6000084571e+01    1.6000084571e+01    1.2371958339e+01
  32.4000000    1.5999590185e+01    1.5999590185e+01    1.9644099179e+01    1.6000066124e+01    1.6000066124e+01    1.2372359587e+01
  32.6000000    1.5999557426e+01    1.5999557426e+01    1.9643840232e+01    1.6000030783e+01    1.6000030783e+01    1.2372767025e+01
  32.8000000    1.5999520759e+01    1.5999520759e+01    1.9643600080e+01    1.5999980506e+01    1.5999980506e+01    1.2373176583e+01
  33.0000000    1.5999482116e+01    1.5999482116e+01    1.9643373104e+01    1.5999917849e+01    1.5999917849e+01    1.2373584600e+01
  33.2000000    1.5999442962e+01    1.5999442962e+01    1.9643153713e+01    1.5999845824e+01    1.5999845824e+01    1.2373988162e+01
  33.4000000    1.5999404133e+01    1.5999404133e+01    1.9642936615e+01    1.5999767739e+01    1.5999767739e+01    1.2374385317e+01
  33.6000000    1.5999365745e+01    1.5999365745e+01    1.9642717023e+01    1.5999687021e+01    1.5999687021e+01    1.2374775159e+01
  33.8000000    1.5999327162e+01    1.5999327162e+01    1.9642490791e+01    1.5999607037e+01    1.5999607037e+01    1.2375157771e+01
  34.0000000    1.5999287056e+01    1.5999287056e+01    1.9642254489e+01    1.5999530920e+01    1.5999530920e+01    1.2375534053e+01
  34.2000000    1.5999243526e+01    1.5999243526e+01    1.9642005405e+01    1.5999461409e+01    1.5999461409e+01    1.2375905439e+01
  34.4000000    1.5999194296e+01    1.5999194296e+01    1.9641741498e+01    1.5999400721e+01    1.5999400721e+01    1.2376273563e+01
  34.6000000    1.5999136954e+01    1.5999136954e+01    1.9641461311e+01    1.5999350455e+01    1.5999350455e+01    1.2376639889e+01
  34.8000000    1.5999069223e+01    1.5999069223e+01    1.9641163871e+01    1.5999311530e+01    1.5999311530e+01    1.2377005373e+01
  35.0000000    1.5998989238e+01    1.5998989238e+01    1.9640848599e+01    1.5999284181e+01    1.5999284181e+01    1.2377370177e+01
  35.2000000    1.5998895793e+01    1.5998895793e+01    1.9640515232e+01    1.5999267974e+01    1.5999267974e+01    1.2377733488e+01
  35.4000000    1.5998788552e+01    1.5998788552e+01    1.9640163790e+01    1.5999261882e+01    1.5999261882e+01    1.2378093450e+01
  35.6000000    1.5998668179e+01    1.5998668179e+01    1.9639794591e+01    1.5999264366e+01    1.5999264366e+01    1.2378447245e+01
  35.8000000    1.5998536380e+01    1.5998536380e+01    1.9639408303e+01    1.5999273497e+01    1.5999273497e+01    1.2378791301e+01
  36.0000000    1.5998395848e+01    1.5998395848e+01    1.9639006044e+01    1.5999287072e+01    1.5999287072e+01    1.2379121627e+01
  36.2000000    1.5998250111e+01    1.5998250111e+01    1.9638589496e+01    1.5999302737e+01    1.5999302737e+01    1.2379434237e+01
  36.4000000    1.5998103281e+01    1.5998103281e+01    1.9638161037e+01    1.5999318111e+01    1.5999318111e+01    1.2379725643e+01
  36.6000000    1.5997959741e+01    1.5997959741e+01    1.9637723845e+01    1.5999330880e+01    1.5999330880e+01    1.2379993341e+01
  36.8000000    1.5997823786e+01    1.5997823786e+01    1.9637281965e+01    1.5999338896e+01    1.5999338896e+01    1.2380236262e+01
  37.0000000    1.5997699242e+01    1.5997699242e+01    1.9636840311e+01    1.5999340245e+01    1.5999340245e+01    1.2380455130e+01
  37.2000000    1.5997589126e+01    1.5997589126e+01    1.9636404587e+01    1.5999333304e+01    1.5999333304e+01    1.2380652676e+01
  37.4000000    1.5997495346e+01    1.5997495346e+01    1.9635981114e+01    1.5999316785e+01    1.5999316785e+01    1.2380833674e+01
  37.6000000    1.5997418498e+01    1.5997418498e+01    1.9635576570e+01    1.5999289765e+01    1.5999289765e+01    1.2381004788e+01
  37.8000000    1.5997357769e+01    1.5997357769e+01    1.9635197641e+01    1.5999251700e+01    1.5999251700e+01    1.2381174217e+01
  38.0000000    1.5997310959e+01    1.5997310959e+01    1.9634850611e+01    1.5999202432e+01    1.5999202432e+01    1.2381351164e+01
  38.2000000    1.5997274632e+01    1.5997274632e+01    1.9634540910e+01    1.5999142189e+01    1.5999142189e+01    1.2381545163e+01
  38.4000000    1.5997244365e+01    1.5997244365e+01    1.9634272674e+01    1.5999071571e+01    1.5999071571e+01    1.2381765323e+01
  38.6000000    1.5997215097e+01    1.5997215097e+01    1.9634048338e+01    1.5998991531e+01    1.5998991531e+01    1.2382019557e+01
  38.8000000    1.5997181522e+01    1.5997181522e+01    1.9633868308e+01    1.5998903349e+01    1.5998903349e+01    1.2382313862e+01
  39.0000000    1.5997138506e+01    1.5997138506e+01    1.9633730765e+01    1.5998808602e+01    1.5998808602e+01    1.2382651738e+01
  39.2000000    1.5997081477e+01    1.5997081477e+01    1.9633631604e+01    1.5998709127e+01    1.5998709127e+01    1.2383033786e+01
  39.4000000    1.5997006754e+01    1.5997006754e+01    1.9633564553e+01    1.5998606974e+01    1.5998606974e+01    1.2383457553e+01
  39.6000000    1.5996911785e+01    1.5996911785e+01    1.9633521459e+01    1.5998504355e+01    1.5998504355e+01    1.2383917627e+01
  39.8000000    1.5996795281e+01    1.5996795281e+01    1.9633492744e+01    1.5998403580e+01    1.5998403580e+01    1.2384405995e+01
  40.0000000    1.5996657231e+01    1.5996657231e+01    1.9633467986e+01    1.5998306977e+01    1.5998306977e+01    1.2384912628e+01
  40.2000000    1.5996498804e+01    1.5996498804e+01    1.9633436609e+01    1.5998216802e+01    1.5998216802e+01    1.2385426243e+01
  40.4000000    1.5996322173e+01    1.5996322173e+01    1.9633388610e+01    1.5998135126e+01    1.5998135126e+01    1.2385935179e+01
  40.6000000    1.5996130270e+01    1.5996130270e+01    1.9633315273e+01    1.5998063717e+01    1.5998063717e+01    1.2386428303e+01
  40.8000000    1.5995926527e+01    1.5995926527e+01    1.9633209816e+01    1.5998003913e+01    1.5998003913e+01    1.2386895868e+01
  41.0000000    1.5995714607e+01    1.5995714607e+01    1.9633067899e+01    1.5997956495e+01    1.5997956495e+01    1.2387330243e+01
  41.2000000    1.5995498186e+01    1.5995498186e+01    1.9632887972e+01    1.5997921573e+01    1.5997921573e+01    1.2387726464e+01
  41.4000000    1.5995280779e+01    1.5995280779e+01    1.9632671409e+01    1.5997898507e+01    1.5997898507e+01    1.2388082545e+01
  41.6000000    1.5995065627e+01    1.5995065627e+01    1.9632422422e+01    1.5997885853e+01    1.5997885853e+01    1.2388399548e+01
  41.8000000    1.5994855648e+01    1.5994855648e+01    1.9632147771e+01    1.5997881372e+01    1.5997881372e+01    1.2388681397e+01
  42.0000000    1.5994653433e+01    1.5994653433e+01    1.9631856277e+01    1.5997882091e+01    1.5997882091e+01    1.2388934480e+01
  42.2000000    1.5994461266e+01    1.5994461266e+01    1.9631558187e+01    1.5997884437e+01    1.5997884437e+01    1.2389167066e+01
  42.4000000    1.5994281155e+01    1.5994281155e+01    1.9631264450e+01    1.5997884417e+01    1.5997884417e+01    1.2389388617e+01
  42.6000000    1.5994114844e+01    1.5994114844e+01    1.9630985947e+01    1.5997877872e+01    1.5997877872e+01    1.2389609033e+01
  42.8000000    1.5993963807e+01    1.5993963807e+01    1.9630732757e+01    1.5997860750e+01    1.5997860750e+01    1.2389837927e+01
  43.0000000    1.5993829191e+01    1.5993829191e+01    1.9630513500e+01    1.5997829409e+01    1.5997829409e+01    1.2390083956e+01
  43.2000000    1.5993711737e+01    1.5993711737e+01    1.9630334811e+01    1.5997780898e+01    1.5997780898e+01    1.2390354282e+01
  43.4000000    1.5993611671e+01    1.5993611671e+01    1.9630200984e+01    1.5997713214e+01    1.5997713214e+01    1.2390654172e+01
  43.6000000    1.5993528590e+01    1.5993528590e+01    1.9630113789e+01    1.5997625482e+01    1.5997625482e+01    1.2390986769e+01
  43.8000000    1.5993461368e+01    1.5993461368e+01    1.9630072477e+01    1.5997518055e+01    1.5997518055e+01    1.2391353024e+01
  44.0000000    1.5993408099e+01    1.5993408099e+01    1.9630073955e+01    1.5997392513e+01    1.5997392513e+01    1.2391751775e+01
  44.2000000    1.5993366107e+01    1.5993366107e+01    1.9630113100e+01    1.5997251555e+01    1.5997251555e+01    1.2392179958e+01
  44.4000000    1.5993332020e+01    1.5993332020e+01    1.9630183177e+01    1.5997098795e+01    1.5997098795e+01    1.2392632909e+01
  44.6000000    1.5993301943e+01    1.5993301943e+01    1.9630276333e+01    1.5996938484e+01    1.5996938484e+01    1.2393104741e+01
  44.8000000    1.5993271684e+01    1.5993271684e+01    1.9630384106e+01    1.5996775167e+01    1.5996775167e+01    1.2393588747e+01
  45.0000000    1.5993237051e+01    1.5993237051e+01    1.9630497923e+01    1.5996613333e+01    1.5996613333e+01    1.2394077823e+01
  45.2000000    1.5993194170e+01    1.5993194170e+01    1.9630609564e+01    1.5996457066e+01    1.5996457066e+01    1.2394564875e+01
  45.4000000    1.5993139797e+01    1.5993139797e+01    1.9630711543e+01    1.5996309758e+01    1.5996309758e+01    1.2395043193e+01
  45.6000000    1.5993071597e+01    1.5993071597e+01    1.9630797421e+01    1.5996173880e+01    1.5996173880e+01    1.2395506784e+01
  45.8000000    1.5992988342e+01    1.5992988342e+01    1.9630862019e+01    1.5996050852e+01    1.5996050852e+01    1.2395950650e+01
  46.0000000    1.5992890025e+01    1.5992890025e+01    1.9630901552e+01    1.5995941014e+01    1.5995941014e+01    1.2396371006e+01
  46.2000000    1.5992777850e+01    1.5992777850e+01    1.9630913680e+01    1.5995843688e+01    1.5995843688e+01    1.2396765417e+01
  46.4000000    1.5992654126e+01    1.5992654126e+01    1.9630897482e+01    1.5995757330e+01    1.5995757330e+01    1.2397132882e+01
  46.6000000    1.5992522055e+01    1.5992522055e+01    1.9630853380e+01    1.5995679739e+01    1.5995679739e+01    1.2397473815e+01
  46.8000000    1.5992385438e+01    1.5992385438e+01    1.9630783005e+01    1.5995608310e+01    1.5995608310e+01    1.2397789978e+01
  47.0000000    1.5992248348e+01    1.5992248348e+01    1.9630689030e+01    1.5995540292e+01    1.5995540292e+01    1.2398084313e+01
  47.2000000    1.5992114773e+01    1.5992114773e+01    1.9630574963e+01    1.5995473027e+01    1.5995473027e+01    1.2398360728e+01
  47.4000000    1.5991988293e+01    1.5991988293e+01    1.9630444925e+01    1.5995404151e+01    1.5995404151e+01    1.2398623816e+01
  47.6000000    1.5991871802e+01    1.5991871802e+01    1.9630303399e+01    1.5995331741e+01    1.5995331741e+01    1.2398878539e+01
  47.8000000    1.5991767301e+01    1.5991767301e+01    1.9630154977e+01    1.5995254395e+01    1.5995254395e+01    1.2399129890e+01
  48.0000000    1.5991675785e+01    1.5991675785e+01    1.9630004100e+01    1.5995171252e+01    1.5995171252e+01    1.2399382562e+01
  48.2000000    1.5991597223e+01    1.5991597223e+01    1.9629854818e+01    1.5995081963e+01    1.5995081963e+01    1.2399640637e+01
  48.4000000    1.5991530625e+01    1.5991530625e+01    1.9629710571e+01    1.5994986613e+01    1.5994986613e+01    1.2399907342e+01
  48.6000000    1.5991474188e+01    1.5991474188e+01    1.9629574015e+01    1.5994885633e+01    1.5994885633e+01    1.2400184862e+01
  48.8000000    1.5991425502e+01    1.5991425502e+01    1.9629446904e+01    1.5994779696e+01    1.5994779696e+01    1.2400474251e+01
  49.0000000    1.5991381789e+01    1.5991381789e+01    1.9629330045e+01    1.5994669629e+01    1.5994669629e+01    1.2400775434e+01
  49.2000000    1.5991340158e+01    1.5991340158e+01    1.9629223319e+01    1.5994556338e+01    1.5994556338e+01    1.2401087304e+01
  49.4000000    1.5991297838e+01    1.5991297838e+01    1.9629125789e+01    1.5994440756e+01    1.5994440756e+01    1.2401407906e+01
  49.6000000    1.5991252387e+01    1.5991252387e+01    1.9629035864e+01    1.5994323809e+01    1.5994323809e+01    1.2401734677e+01
  49.8000000    1.5991201852e+01    1.5991201852e+01    1.9628951526e+01    1.5994206400e+01    1.5994206400e+01    1.2402064728e+01
  50.0000000    1.5991144869e+01    1.5991144869e+01    1.9628870576e+01    1.5994089397e+01    1.5994089397e+01    1.2402395132e+01
  50.2000000    1.5991080697e+01    1.5991080697e+01    1.9628790895e+01    1.5993973630e+01    1.5993973630e+01    1.2402723197e+01
  50.4000000    1.5991009208e+01    1.5991009208e+01    1.9628710679e+01    1.5993859866e+01    1.5993859866e+01    1.2403046676e+01
  50.6000000    1.5990930810e+01    1.5990930810e+01    1.9628628627e+01    1.5993748796e+01    1.5993748796e+01    1.2403363919e+01
  50.8000000    1.5990846337e+01    1.5990846337e+01    1.9628544071e+01    1.5993640998e+01    1.5993640998e+01    1.2403673941e+01
  51.0000000    1.5990756915e+01    1.5990756915e+01    1.9628457019e+01    1.5993536901e+01    1.5993536901e+01    1.2403976402e+01
  51.2000000    1.5990663811e+01    1.5990663811e+01    1.9628368135e+01    1.5993436751e+01    1.5993436751e+01    1.2404271519e+01
  51.4000000    1.5990568282e+01    1.5990568282e+01    1.9628278641e+01    1.5993340579e+01    1.5993340579e+01    1.2404559912e+01
  51.6000000    1.5990471445e+01    1.5990471445e+01    1.9628190168e+01    1.5993248187e+01    1.5993248187e+01    1.2404842418e+01
  51.8000000    1.5990374171e+01    1.5990374171e+01    1.9628104574e+01    1.5993159144e+01    1.5993159144e+01    1.2405119898e+01
  52.0000000    1.5990277010e+01    1.5990277010e+01    1.9628023758e+01    1.5993072810e+01    1.5993072810e+01    1.2405393051e+01
  52.2000000    1.5990180160e+01    1.5990180160e+01    1.9627949480e+01    1.5992988371e+01    1.5992988371e+01    1.2405662279e+01
  52.4000000    1.5990083473e+01    1.5990083473e+01    1.9627883220e+01    1.5992904889e+01    1.5992904889e+01    1.2405927592e+01
  52.6000000    1.5989986500e+01    1.5989986500e+01    1.9627826080e+01    1.5992821368e+01    1.5992821368e+01    1.2406188582e+01
  52.8000000    1.5989888568e+01    1.5989888568e+01    1.9627778736e+01    1.5992736813e+01    1.5992736813e+01    1.2406444468e+01
  53.0000000    1.5989788875e+01    1.5989788875e+01    1.9627741439e+01    1.5992650291e+01    1.5992650291e+01    1.2406694179e+01
  53.2000000    1.5989686600e+01    1.5989686600e+01    1.9627714052e+01    1.5992560976e+01    1.5992560976e+01    1.2406936492e+01
  53.4000000    1.5989581012e+01    1.5989581012e+01    1.9627696118e+01    1.5992468193e+01    1.5992468193e+01    1.2407170183e+01
  53.6000000    1.5989471557e+01    1.5989471557e+01    1.9627686944e+01    1.5992371432e+01    1.5992371432e+01    1.2407394191e+01
  53.8000000    1.5989357932e+01    1.5989357932e+01    1.9627685677e+01    1.5992270363e+01    1.5992270363e+01    1.2407607754e+01
  54.0000000    1.5989240122e+01    1.5989240122e+01    1.9627691377e+01    1.5992164836e+01    1.5992164836e+01    1.2407810522e+01
  54.2000000    1.5989118407e+01    1.5989118407e+01    1.9627703067e+01    1.5992054867e+01    1.5992054867e+01    1.2408002620e+01
  54.4000000    1.5988993338e+01    1.5988993338e+01    1.9627719767e+01    1.5991940636e+01    1.5991940636e+01    1.2408184672e+01
  54.6000000    1.5988865675e+01    1.5988865675e+01    1.9627740506e+01    1.5991822471e+01    1.5991822471e+01    1.2408357771e+01
  54.8000000    1.5988736318e+01    1.5988736318e+01    1.9627764317e+01    1.5991700836e+01    1.5991700836e+01    1.2408523414e+01
  55.0000000    1.5988606216e+01    1.5988606216e+01    1.9627790232e+01    1.5991576318e+01    1.5991576318e+01    1.2408683408e+01
  55.2000000    1.5988476278e+01    1.5988476278e+01    1.9627817268e+01    1.5991449615e+01    1.5991449615e+01    1.2408839756e+01
  55.4000000    1.5988347289e+01    1.5988347289e+01    1.9627844423e+01    1.5991321510e+01    1.5991321510e+01    1.2408994547e+01
  55.6000000    1.5988219849e+01    1.5988219849e+01    1.9627870678e+01    1.5991192847e+01    1.5991192847e+01    1.2409149844e+01
  55.8000000    1.5988094326e+01    1.5988094326e+01    1.9627895019e+01    1.5991064497e+01    1.5991064497e+01    1.2409307602e+01
  56.0000000    1.5987970836e+01    1.5987970836e+01    1.9627916455e+01    1.5990937310e+01    1.5990937310e+01    1.2409469595e+01
  56.2000000    1.5987849249e+01    1.5987849249e+01    1.9627934065e+01    1.5990812074e+01    1.5990812074e+01    1.2409637373e+01
  56.4000000    1.5987729215e+01    1.5987729215e+01    1.9627947034e+01    1.5990689458e+01    1.5990689458e+01    1.2409812241e+01
  56.6000000    1.5987610206e+01    1.5987610206e+01    1.9627954702e+01    1.5990569968e+01    1.5990569968e+01    1.2409995250e+01
  56.8000000    1.5987491572e+01    1.5987491572e+01    1.9627956600e+01    1.5990453907e+01    1.5990453907e+01    1.2410187201e+01
  57.0000000    1.5987372603e+01    1.5987372603e+01    1.9627952492e+01    1.5990341347e+01    1.5990341347e+01    1.2410388647e+01
  57.2000000    1.5987252588e+01    1.5987252588e+01    1.9627942396e+01    1.5990232119e+01    1.5990232119e+01    1.2410599905e+01
  57.4000000    1.5987130871e+01    1.5987130871e+01    1.9627926596e+01    1.5990125819e+01    1.5990125819e+01    1.2410821052e+01
  57.6000000    1.5987006895e+01    1.5987006895e+01    1.9627905649e+01    1.5990021829e+01    1.5990021829e+01    1.2411051922e+01
  57.8000000    1.5986880241e+01    1.5986880241e+01    1.9627880367e+01    1.5989919365e+01    1.5989919365e+01    1.2411292097e+01
  58.0000000    1.5986750644e+01    1.5986750644e+01    1.9627851795e+01    1.5989817520e+01    1.5989817520e+01    1.2411540898e+01
  58.2000000    1.5986618011e+01    1.5986618011e+01    1.9627821171e+01    1.5989715333e+01    1.5989715333e+01    1.2411797376e+01
  58.4000000    1.5986482408e+01    1.5986482408e+01    1.9627789883e+01    1.5989611843e+01    1.5989611843e+01    1.2412060318e+01
  58.6000000    1.5986344059e+01    1.5986344059e+01    1.9627759406e+01    1.5989506155e+01    1.5989506155e+01    1.2412328256e+01
  58.8000000    1.5986203316e+01    1.5986203316e+01    1.9627731240e+01    1.5989397485e+01    1.5989397485e+01    1.2412599498e+01
  59.0000000    1.5986060636e+01    1.5986060636e+01    1.9627706849e+01    1.5989285206e+01    1.5989285206e+01    1.2412872170e+01
  59.2000000    1.5985916547e+01    1.5985916547e+01    1.9627687587e+01    1.5989168871e+01    1.5989168871e+01    1.2413144271e+01
  59.4000000    1.5985771616e+01    1.5985771616e+01    1.9627674644e+01    1.5989048229e+01    1.5989048229e+01    1.2413413743e+01
  59.6000000    1.5985626411e+01    1.5985626411e+01    1.9627668994e+01    1.5988923221e+01    1.5988923221e+01    1.2413678537e+01
  59.8000000    1.5985481471e+01    1.5985481471e+01    1.9627671356e+01    1.5988793968e+01    1.5988793968e+01    1.2413936687e+01
  60.0000000    1.5985337273e+01    1.5985337273e+01    1.9627682175e+01    1.5988660749e+01    1.5988660749e+01    1.2414186378e+01
  60.2000000    1.5985194212e+01    1.5985194212e+01    1.9627701625e+01    1.5988523972e+01    1.5988523972e+01    1.2414425994e+01
  60.4000000    1.5985052578e+01    1.5985052578e+01    1.9627729620e+01    1.5988384134e+01    1.5988384134e+01    1.2414654167e+01
  60.6000000    1.5984912548e+01    1.5984912548e+01    1.9627765851e+01    1.5988241794e+01    1.5988241794e+01    1.2414869800e+01
  60.8000000    1.5984774187e+01    1.5984774187e+01    1.9627809837e+01    1.5988097531e+01    1.5988097531e+01    1.2415072084e+01
  61.0000000    1.5984637450e+01    1.5984637450e+01    1.9627860970e+01    1.5987951918e+01    1.5987951918e+01    1.2415260500e+01
  61.2000000    1.5984502200e+01    1.5984502200e+01    1.9627918580e+01    1.5987805496e+01    1.5987805496e+01    1.2415434820e+01
  61.4000000    1.5984368230e+01    1.5984368230e+01    1.9627981975e+01    1.5987658753e+01    1.5987658753e+01    1.2415595098e+01
  61.6000000    1.5984235288e+01    1.5984235288e+01    1.9628050482e+01    1.5987512112e+01    1.5987512112e+01    1.2415741668e+01
  61.8000000    1.5984103107e+01    1.5984103107e+01    1.9628123471e+01    1.5987365927e+01    1.5987365927e+01    1.2415875149e+01
  62.0000000    1.5983971436e+01    1.5983971436e+01    1.9628200352e+01    1.5987220482e+01    1.5987220482e+01    1.2415996446e+01
  62.2000000    1.5983840066e+01    1.5983840066e+01    1.9628280570e+01    1.5987075996e+01    1.5987075996e+01    1.2416106763e+01
  62.4000000    1.5983708852e+01    1.5983708852e+01    1.9628363576e+01    1.5986932638e+01    1.5986932638e+01    1.2416207615e+01
  62.6000000    1.5983577729e+01    1.5983577729e+01    1.9628448793e+01    1.5986790531e+01    1.5986790531e+01    1.2416300829e+01
  62.8000000    1.5983446717e+01    1.5983446717e+01    1.9628535582e+01    1.5986649771e+01    1.5986649771e+01    1.2416388542e+01
  63.0000000    1.5983315918e+01    1.5983315918e+01    1.9628623215e+01    1.5986510437e+01    1.5986510437e+01    1.2416473175e+01
  63.2000000    1.5983185506e+01    1.5983185506e+01    1.9628710854e+01    1.5986372596e+01    1.5986372596e+01    1.2416557393e+01
  63.4000000    1.5983055704e+01    1.5983055704e+01    1.9628797560e+01    1.5986236308e+01    1.5986236308e+01    1.2416644027e+01
  63.6000000    1.5982926763e+01    1.5982926763e+01    1.9628882302e+01    1.5986101630e+01    1.5986101630e+01    1.2416735984e+01
  63.8000000    1.5982798930e+01    1.5982798930e+01    1.9628964007e+01    1.5985968603e+01    1.5985968603e+01    1.2416836128e+01
  64.0000000    1.5982672418e+01    1.5982672418e+01    1.9629041602e+01    1.5985837248e+01    1.5985837248e+01    1.2416947145e+01
  64.2000000    1.5982547382e+01    1.5982547382e+01    1.9629114086e+01    1.5985707548e+01    1.5985707548e+01    1.2417071405e+01
  64.4000000    1.5982423895e+01    1.5982423895e+01    1.9629180586e+01    1.5985579439e+01    1.5985579439e+01    1.2417210828e+01
  64.6000000    1.5982301935e+01    1.5982301935e+01    1.9629240421e+01    1.5985452797e+01    1.5985452797e+01    1.2417366765e+01
  64.8000000    1.5982181381e+01    1.5982181381e+01    1.9629293138e+01    1.5985327423e+01    1.5985327423e+01    1.2417539914e+01
  65.0000000    1.5982062015e+01    1.5982062015e+01    1.9629338540e+01    1.5985203045e+01    1.5985203045e+01    1.2417730266e+01
  65.2000000    1.5981943541e+01    1.5981943541e+01    1.9629376682e+01    1.5985079318e+01    1.5985079318e+01    1.2417937098e+01
  65.4000000    1.5981825601e+01    1.5981825601e+01    1.9629407848e+01    1.5984955838e+01    1.5984955838e+01    1.2418159017e+01
  65.6000000    1.5981707808e+01    1.5981707808e+01    1.9629432507e+01    1.5984832157e+01    1.5984832157e+01    1.2418394033e+01
  65.8000000    1.5981589778e+01    1.5981589778e+01    1.9629451253e+01    1.5984707814e+01    1.5984707814e+01    1.2418639688e+01
  66.0000000    1.5981471156e+01    1.5981471156e+01    1.9629464741e+01    1.5984582363e+01    1.5984582363e+01    1.2418893192e+01
  66.2000000    1.5981351658e+01    1.5981351658e+01    1.9629473619e+01    1.5984455413e+01    1.5984455413e+01    1.2419151587e+01
  66.4000000    1.5981231083e+01    1.5981231083e+01    1.9629478479e+01    1.5984326657e+01    1.5984326657e+01    1.2419411907e+01
  66.6000000    1.5981109341e+01    1.5981109341e+01    1.9629479819e+01    1.5984195907e+01    1.5984195907e+01    1.2419671319e+01
  66.8000000    1.5980986457e+01    1.5980986457e+01    1.9629478028e+01    1.5984063114e+01    1.5984063114e+01    1.2419927255e+01
  67.0000000    1.5980862572e+01    1.5980862572e+01    1.9629473399e+01    1.5983928382e+01    1.5983928382e+01    1.2420177496e+01
  67.2000000    1.5980737934e+01    1.5980737934e+01    1.9629466155e+01    1.5983791973e+01    1.5983791973e+01    1.2420420237e+01
  67.4000000    1.5980612874e+01    1.5980612874e+01    1.9629456502e+01    1.5983654289e+01    1.5983654289e+01    1.2420654103e+01
  67.6000000    1.5980487789e+01    1.5980487789e+01    1.9629444687e+01    1.5983515851e+01    1.5983515851e+01    1.2420878139e+01
  67.8000000    1.5980363103e+01    1.5980363103e+01    1.9629431050e+01    1.5983377262e+01    1.5983377262e+01    1.2421091775e+01
  68.0000000    1.5980239238e+01    1.5980239238e+01    1.9629416082e+01    1.5983239163e+01    1.5983239163e+01    1.2421294766e+01
  68.2000000    1.5980116581e+01    1.5980116581e+01    1.9629400451e+01    1.5983102185e+01    1.5983102185e+01    1.2421487136e+01
  68.4000000    1.5979995451e+01    1.5979995451e+01    1.9629385020e+01    1.5982966898e+01    1.5982966898e+01    1.2421669112e+01
  68.6000000    1.5979876077e+01    1.5979876077e+01    1.9629370824e+01    1.5982833771e+01    1.5982833771e+01    1.2421841070e+01
  68.8000000    1.5979758579e+01    1.5979758579e+01    1.9629359035e+01    1.5982703127e+01    1.5982703127e+01    1.2422003492e+01
  69.0000000    1.5979642961e+01    1.5979642961e+01    1.9629350896e+01    1.5982575126e+01    1.5982575126e+01    1.2422156950e+01
  69.2000000    1.5979529108e+01    1.5979529108e+01    1.9629347641e+01    1.5982449750e+01    1.5982449750e+01    1.2422302090e+01
  69.4000000    1.5979416803e+01    1.5979416803e+01    1.9629350414e+01    1.5982326810e+01    1.5982326810e+01    1.2422439639e+01
  69.6000000    1.5979305742e+01    1.5979305742e+01    1.9629360177e+01    1.5982205960e+01    1.5982205960e+01    1.2422570424e+01
  69.8000000    1.5979195564e+01    1.5979195564e+01    1.9629377644e+01    1.5982086740e+01    1.5982086740e+01    1.2422695389e+01
  70.0000000    1.5979085883e+01    1.5979085883e+01    1.9629403226e+01    1.5981968609e+01    1.5981968609e+01    1.2422815609e+01
  70.2000000    1.5978976328e+01    1.5978976328e+01    1.9629437000e+01    1.5981851005e+01    1.5981851005e+01    1.2422932300e+01
  70.4000000    1.5978866576e+01    1.5978866576e+01    1.9629478718e+01    1.5981733394e+01    1.5981733394e+01    1.2423046820e+01
  70.6000000    1.5978756390e+01    1.5978756390e+01    1.9629527827e+01    1.5981615323e+01    1.5981615323e+01    1.2423160647e+01
  70.8000000    1.5978645647e+01    1.5978645647e+01    1.9629583530e+01    1.5981496468e+01    1.5981496468e+01    1.2423275346e+01
  71.0000000    1.5978534362e+01    1.5978534362e+01    1.9629644852e+01    1.5981376669e+01    1.5981376669e+01    1.2423392527e+01
  71.2000000    1.5978422691e+01    1.5978422691e+01    1.9629710729e+01    1.5981255952e+01    1.5981255952e+01    1.2423513788e+01
  71.4000000    1.5978310939e+01    1.5978310939e+01    1.9629780085e+01    1.5981134541e+01    1.5981134541e+01    1.2423640643e+01
  71.6000000    1.5978199542e+01    1.5978199542e+01    1.9629851913e+01    1.5981012850e+01    1.5981012850e+01    1.2423774465e+01
  71.8000000    1.5978089042e+01    1.5978089042e+01    1.9629925337e+01    1.5980891460e+01    1.5980891460e+01    1.2423916412e+01
  72.0000000    1.5977980048e+01    1.5977980048e+01    1.9629999650e+01    1.5980771084e+01    1.5980771084e+01    1.2424067376e+01
  72.2000000    1.5977873195e+01    1.5977873195e+01    1.9630074332e+01    1.5980652521e+01    1.5980652521e+01    1.2424227927e+01
  72.4000000    1.5977769090e+01    1.5977769090e+01    1.9630149041e+01    1.5980536601e+01    1.5980536601e+01    1.2424398283e+01
  72.6000000    1.5977668257e+01    1.5977668257e+01    1.9630223589e+01    1.5980424127e+01    1.5980424127e+01    1.2424578283e+01
  72.8000000    1.5977571088e+01    1.5977571088e+01    1.9630297888e+01    1.5980315816e+01    1.5980315816e+01    1.2424767383e+01
  73.0000000    1.5977477791e+01    1.5977477791e+01    1.9630371898e+01    1.5980212241e+01    1.5980212241e+01    1.2424964659e+01
  73.2000000    1.5977388355e+01    1.5977388355e+01    1.9630445561e+01    1.5980113789e+01    1.5980113789e+01    1.2425168829e+01
  73.4000000    1.5977302519e+01    1.5977302519e+01    1.9630518751e+01    1.5980020615e+01    1.5980020615e+01    1.2425378286e+01
  73.6000000    1.5977219768e+01    1.5977219768e+01    1.9630591225e+01    1.5979932620e+01    1.5979932620e+01    1.2425591139e+01
  73.8000000    1.5977139326e+01    1.5977139326e+01    1.9630662594e+01    1.5979849440e+01    1.5979849440e+01    1.2425805265e+01
  74.0000000    1.5977060188e+01    1.5977060188e+01    1.9630732316e+01    1.5979770441e+01    1.5979770441e+01    1.2426018371e+01
  74.2000000    1.5976981149e+01    1.5976981149e+01    1.9630799712e+01    1.5979694742e+01    1.5979694742e+01    1.2426228064e+01
  74.4000000    1.5976900858e+01    1.5976900858e+01    1.9630863997e+01    1.5979621237e+01    1.5979621237e+01    1.2426431924e+01
  74.6000000    1.5976817883e+01    1.5976817883e+01    1.9630924333e+01    1.5979548640e+01    1.5979548640e+01    1.2426627583e+01
  74.8000000    1.5976730780e+01    1.5976730780e+01    1.9630979900e+01    1.5979475533e+01    1.5979475533e+01    1.2426812809e+01
  75.0000000    1.5976638173e+01    1.5976638173e+01    1.9631029964e+01    1.5979400419e+01    1.5979400419e+01    1.2426985594e+01
  75.2000000    1.5976538827e+01    1.5976538827e+01    1.9631073956e+01    1.5979321788e+01    1.5979321788e+01    1.2427144233e+01
  75.4000000    1.5976431725e+01    1.5976431725e+01    1.9631111540e+01    1.5979238173e+01    1.5979238173e+01    1.2427287408e+01
  75.6000000    1.5976316131e+01    1.5976316131e+01    1.9631142677e+01    1.5979148217e+01    1.5979148217e+01    1.2427414263e+01
  75.8000000    1.5976191641e+01    1.5976191641e+01    1.9631167665e+01    1.5979050723e+01    1.5979050723e+01    1.2427524458e+01
  76.0000000    1.5976058226e+01    1.5976058226e+01    1.9631187162e+01    1.5978944707e+01    1.5978944707e+01    1.2427618222e+01
  76.2000000    1.5975916242e+01    1.5975916242e+01    1.9631202193e+01    1.5978829439e+01    1.5978829439e+01    1.2427696378e+01
  76.4000000    1.5975766442e+01    1.5975766442e+01    1.9631214123e+01    1.5978704473e+01    1.5978704473e+01    1.2427760345e+01
  76.6000000    1.5975609947e+01    1.5975609947e+01    1.9631224618e+01    1.5978569668e+01    1.5978569668e+01    1.2427812119e+01
  76.8000000    1.5975448212e+01    1.5975448212e+01    1.9631235583e+01    1.5978425193e+01    1.5978425193e+01    1.2427854228e+01
  77.0000000    1.5975282970e+01    1.5975282970e+01    1.9631249074e+01    1.5978271525e+01    1.5978271525e+01    1.2427889656e+01
  77.2000000    1.5975116160e+01    1.5975116160e+01    1.9631267212e+01    1.5978109433e+01    1.5978109433e+01    1.2427921745e+01
  77.4000000    1.5974949841e+01    1.5974949841e+01    1.9631292080e+01    1.5977939943e+01    1.5977939943e+01    1.2427954080e+01
  77.6000000    1.5974786102e+01    1.5974786102e+01    1.9631325613e+01    1.5977764309e+01    1.5977764309e+01    1.2427990346e+01
  77.8000000    1.5974626967e+01    1.5974626967e+01    1.9631369503e+01    1.5977583958e+01    1.5977583958e+01    1.2428034182e+01
  78.0000000    1.5974474303e+01    1.5974474303e+01    1.9631425099e+01    1.5977400442e+01    1.5977400442e+01    1.2428089026e+01
  78.2000000    1.5974329725e+01    1.5974329725e+01    1.9631493328e+01    1.5977215380e+01    1.5977215380e+01    1.2428157965e+01
  78.4000000    1.5974194527e+01    1.5974194527e+01    1.9631574630e+01    1.5977030397e+01    1.5977030397e+01    1.2428243589e+01
  78.6000000    1.5974069612e+01    1.5974069612e+01    1.9631668916e+01    1.5976847068e+01    1.5976847068e+01    1.2428347868e+01
  78.8000000    1.5973955456e+01    1.5973955456e+01    1.9631775547e+01    1.5976666866e+01    1.5976666866e+01    1.2428472052e+01
  79.0000000    1.5973852077e+01    1.5973852077e+01    1.9631893343e+01    1.5976491110e+01    1.5976491110e+01    1.2428616596e+01
  79.2000000    1.5973759037e+01    1.5973759037e+01    1.9632020615e+01    1.5976320928e+01    1.5976320928e+01    1.2428781129e+01
  79.4000000    1.5973675466e+01    1.5973675466e+01    1.9632155224e+01    1.5976157224e+01    1.5976157224e+01    1.2428964449e+01
  79.6000000    1.5973600102e+01    1.5973600102e+01    1.9632294668e+01    1.5976000665e+01    1.5976000665e+01    1.2429164566e+01
  79.8000000    1.5973531353e+01    1.5973531353e+01    1.9632436180e+01    1.5975851663e+01    1.5975851663e+01    1.2429378780e+01
  80.0000000    1.5973467377e+01    1.5973467377e+01    1.9632576854e+01    1.5975710386e+01    1.5975710386e+01    1.2429603790e+01
  80.2000000    1.5973406169e+01    1.5973406169e+01    1.9632713769e+01    1.5975576768e+01    1.5975576768e+01    1.2429835838e+01
  80.4000000    1.5973345659e+01    1.5973345659e+01    1.9632844133e+01    1.5975450531e+01    1.5975450531e+01    1.2430070874e+01
  80.6000000    1.5973283807e+01    1.5973283807e+01    1.9632965409e+01    1.5975331211e+01    1.5975331211e+01    1.2430304737e+01
  80.8000000    1.5973218696e+01    1.5973218696e+01    1.9633075444e+01    1.5975218194e+01    1.5975218194e+01    1.2430533343e+01
  81.0000000    1.5973148620e+01    1.5973148620e+01    1.9633172577e+01    1.5975110753e+01    1.5975110753e+01    1.2430752873e+01
  81.2000000    1.5973072151e+01    1.5973072151e+01    1.9633255728e+01    1.5975008078e+01    1.5975008078e+01    1.2430959943e+01
  81.4000000    1.5972988196e+01    1.5972988196e+01    1.9633324457e+01    1.5974909315e+01    1.5974909315e+01    1.2431151763e+01
  81.6000000    1.5972896035e+01    1.5972896035e+01    1.9633378996e+01    1.5974813592e+01    1.5974813592e+01    1.2431326255e+01
  81.8000000    1.5972795333e+01    1.5972795333e+01    1.9633420247e+01    1.5974720045e+01    1.5974720045e+01    1.2431482152e+01
  82.0000000    1.5972686142e+01    1.5972686142e+01    1.9633449739e+01    1.5974627839e+01    1.5974627839e+01    1.2431619038e+01
  82.2000000    1.5972568875e+01    1.5972568875e+01    1.9633469564e+01    1.5974536183e+01    1.5974536183e+01    1.2431737363e+01
  82.4000000    1.5972444268e+01    1.5972444268e+01    1.9633482270e+01    1.5974444336e+01    1.5974444336e+01    1.2431838403e+01
  82.6000000    1.5972313332e+01    1.5972313332e+01    1.9633490738e+01    1.5974351617e+01    1.5974351617e+01    1.2431924181e+01
  82.8000000    1.5972177284e+01    1.5972177284e+01    1.9633498034e+01    1.5974257407e+01    1.5974257407e+01    1.2431997354e+01
  83.0000000    1.5972037487e+01    1.5972037487e+01    1.9633507249e+01    1.5974161151e+01    1.5974161151e+01    1.2432061066e+01
  83.2000000    1.5971895374e+01    1.5971895374e+01    1.9633521342e+01    1.5974062361e+01    1.5974062361e+01    1.2432118775e+01
  83.4000000    1.5971752381e+01    1.5971752381e+01    1.9633542983e+01    1.5973960621e+01    1.5973960621e+01    1.2432174066e+01
  83.6000000    1.5971609885e+01    1.5971609885e+01    1.9633574413e+01    1.5973855588e+01    1.5973855588e+01    1.2432230466e+01
  83.8000000    1.5971469148e+01    1.5971469148e+01    1.9633617333e+01    1.5973747006e+01    1.5973747006e+01    1.2432291254e+01
  84.0000000    1.5971331269e+01    1.5971331269e+01    1.9633672811e+01    1.5973634709e+01    1.5973634709e+01    1.2432359295e+01
  84.2000000    1.5971197153e+01    1.5971197153e+01    1.9633741241e+01    1.5973518631e+01    1.5973518631e+01    1.2432436892e+01
  84.4000000    1.5971067485e+01    1.5971067485e+01    1.9633822329e+01    1.5973398818e+01    1.5973398818e+01    1.2432525677e+01
  84.6000000    1.5970942720e+01    1.5970942720e+01    1.9633915118e+01    1.5973275433e+01    1.5973275433e+01    1.2432626535e+01
  84.8000000    1.5970823083e+01    1.5970823083e+01    1.9634018060e+01    1.5973148755e+01    1.5973148755e+01    1.2432739571e+01
  85.0000000    1.5970708578e+01    1.5970708578e+01    1.9634129110e+01    1.5973019186e+01    1.5973019186e+01    1.2432864127e+01
  85.2000000    1.5970599006e+01    1.5970599006e+01    1.9634245852e+01    1.5972887232e+01    1.5972887232e+01    1.2432998832e+01
  85.4000000    1.5970493986e+01    1.5970493986e+01    1.9634365638e+01    1.5972753496e+01    1.5972753496e+01    1.2433141703e+01
  85.6000000    1.5970392986e+01    1.5970392986e+01    1.9634485741e+01    1.5972618654e+01    1.5972618654e+01    1.2433290268e+01
  85.8000000    1.5970295353e+01    1.5970295353e+01    1.9634603506e+01    1.5972483424e+01    1.5972483424e+01    1.2433441729e+01
  86.0000000    1.5970200348e+01    1.5970200348e+01    1.9634716484e+01    1.5972348540e+01    1.5972348540e+01    1.2433593133e+01
  86.2000000    1.5970107178e+01    1.5970107178e+01    1.9634822553e+01    1.5972214712e+01    1.5972214712e+01    1.2433741553e+01
  86.4000000    1.5970015030e+01    1.5970015030e+01    1.9634920018e+01    1.5972082592e+01    1.5972082592e+01    1.2433884273e+01
  86.6000000    1.5969923104e+01    1.5969923104e+01    1.9635007666e+01    1.5971952743e+01    1.5971952743e+01    1.2434018945e+01
  86.8000000    1.5969830645e+01    1.5969830645e+01    1.9635084809e+01    1.5971825608e+01    1.5971825608e+01    1.2434143738e+01
  87.0000000    1.5969736970e+01    1.5969736970e+01    1.9635151272e+01    1.5971701493e+01    1.5971701493e+01    1.2434257440e+01
  87.2000000    1.5969641496e+01    1.5969641496e+01    1.9635207374e+01    1.5971580556e+01    1.5971580556e+01    1.2434359534e+01
  87.4000000    1.5969543764e+01    1.5969543764e+01    1.9635253862e+01    1.5971462803e+01    1.5971462803e+01    1.2434450219e+01
  87.6000000    1.5969443454e+01    1.5969443454e+01    1.9635291841e+01    1.5971348100e+01    1.5971348100e+01    1.2434530391e+01
  87.8000000    1.5969340404e+01    1.5969340404e+01    1.9635322684e+01    1.5971236195e+01    1.5971236195e+01    1.2434601578e+01
  88.0000000    1.5969234615e+01    1.5969234615e+01    1.9635347936e+01    1.5971126740e+01    1.5971126740e+01    1.2434665835e+01
  88.2000000    1.5969126253e+01    1.5969126253e+01    1.9635369223e+01    1.5971019330e+01    1.5971019330e+01    1.2434725601e+01
  88.4000000    1.5969015641e+01    1.5969015641e+01    1.9635388169e+01    1.5970913539e+01    1.5970913539e+01    1.2434783538e+01
  88.6000000    1.5968903248e+01    1.5968903248e+01    1.9635406319e+01    1.5970808952e+01    1.5970808952e+01    1.2434842349e+01
  88.8000000    1.5968789663e+01    1.5968789663e+01    1.9635425091e+01    1.5970705202e+01    1.5970705202e+01    1.2434904594e+01
  89.0000000    1.5968675566e+01    1.5968675566e+01    1.9635445735e+01    1.5970601996e+01    1.5970601996e+01    1.2434972520e+01
  89.2000000    1.5968561692e+01    1.5968561692e+01    1.9635469313e+01    1.5970499130e+01    1.5970499130e+01    1.2435047908e+01
  89.4000000    1.5968448791e+01    1.5968448791e+01    1.9635496700e+01    1.5970396496e+01    1.5970396496e+01    1.2435131953e+01
  89.6000000    1.5968337578e+01    1.5968337578e+01    1.9635528585e+01    1.5970294086e+01    1.5970294086e+01    1.2435225187e+01
  89.8000000    1.5968228697e+01    1.5968228697e+01    1.9635565499e+01    1.5970191970e+01    1.5970191970e+01    1.2435327445e+01
  90.0000000    1.5968122676e+01    1.5968122676e+01    1.9635607824e+01    1.5970090283e+01    1.5970090283e+01    1.2435437883e+01
  90.2000000    1.5968019895e+01    1.5968019895e+01    1.9635655821e+01    1.5969989194e+01    1.5969989194e+01    1.2435555041e+01
  90.4000000    1.5967920557e+01    1.5967920557e+01    1.9635709638e+01    1.5969888878e+01    1.5969888878e+01    1.2435676957e+01
  90.6000000    1.5967824681e+01    1.5967824681e+01    1.9635769324e+01    1.5969789488e+01    1.5969789488e+01    1.2435801311e+01
  90.8000000    1.5967732096e+01    1.5967732096e+01    1.9635834818e+01    1.5969691124e+01    1.5969691124e+01    1.2435925599e+01
  91.0000000    1.5967642455e+01    1.5967642455e+01    1.9635905947e+01    1.5969593822e+01    1.5969593822e+01    1.2436047321e+01
  91.2000000    1.5967555260e+01    1.5967555260e+01    1.9635982404e+01    1.5969497532e+01    1.5969497532e+01    1.2436164172e+01
  91.4000000    1.5967469902e+01    1.5967469902e+01    1.9636063730e+01    1.5969402121e+01    1.5969402121e+01    1.2436274212e+01
  91.6000000    1.5967385703e+01    1.5967385703e+01    1.9636149297e+01    1.5969307377e+01    1.5969307377e+01    1.2436376022e+01
  91.8000000    1.5967301969e+01    1.5967301969e+01    1.9636238289e+01    1.5969213026e+01    1.5969213026e+01    1.2436468812e+01
  92.0000000    1.5967218040e+01    1.5967218040e+01    1.9636329705e+01    1.5969118749e+01    1.5969118749e+01    1.2436552485e+01
  92.2000000    1.5967133344e+01    1.5967133344e+01    1.9636422367e+01    1.5969024210e+01    1.5969024210e+01    1.2436627653e+01
  92.4000000    1.5967047436e+01    1.5967047436e+01    1.9636514950e+01    1.5968929086e+01    1.5968929086e+01    1.2436695598e+01
  92.6000000    1.5966960032e+01    1.5966960032e+01    1.9636606026e+01    1.5968833090e+01    1.5968833090e+01    1.2436758182e+01
  92.8000000    1.5966871023e+01    1.5966871023e+01    1.9636694128e+01    1.5968735996e+01    1.5968735996e+01    1.2436817713e+01
  93.0000000    1.5966780489e+01    1.5966780489e+01    1.9636777822e+01    1.5968637654e+01    1.5968637654e+01    1.2436876776e+01
  93.2000000    1.5966688677e+01    1.5966688677e+01    1.9636855796e+01    1.5968538004e+01    1.5968538004e+01    1.2436938050e+01
  93.4000000    1.5966595983e+01    1.5966595983e+01    1.9636926947e+01    1.5968437073e+01    1.5968437073e+01    1.2437004101e+01
  93.6000000    1.5966502911e+01    1.5966502911e+01    1.9636990462e+01    1.5968334970e+01    1.5968334970e+01    1.2437077202e+01
  93.8000000    1.5966410029e+01    1.5966410029e+01    1.9637045889e+01    1.5968231875e+01    1.5968231875e+01    1.2437159155e+01
  94.0000000    1.5966317915e+01    1.5966317915e+01    1.9637093193e+01    1.5968128015e+01    1.5968128015e+01    1.2437251161e+01
  94.2000000    1.5966227108e+01    1.5966227108e+01    1.9637132781e+01    1.5968023648e+01    1.5968023648e+01    1.2437353726e+01
  94.4000000    1.5966138058e+01    1.5966138058e+01    1.9637165502e+01    1.5967919034e+01    1.5967919034e+01    1.2437466620e+01
  94.6000000    1.5966051089e+01    1.5966051089e+01    1.9637192620e+01    1.5967814419e+01    1.5967814419e+01    1.2437588886e+01
  94.8000000    1.5965966366e+01    1.5965966366e+01    1.9637215749e+01    1.5967710014e+01    1.5967710014e+01    1.2437718905e+01
  95.0000000    1.5965883888e+01    1.5965883888e+01    1.9637236769e+01    1.5967605982e+01    1.5967605982e+01    1.2437854506e+01
  95.2000000    1.5965803477e+01    1.5965803477e+01    1.9637257715e+01    1.5967502434e+01    1.5967502434e+01    1.2437993111e+01
  95.4000000    1.5965724799e+01    1.5965724799e+01    1.9637280660e+01    1.5967399426e+01    1.5967399426e+01    1.2438131915e+01
  95.6000000    1.5965647387e+01    1.5965647387e+01    1.9637307585e+01    1.5967296966e+01    1.5967296966e+01    1.2438268071e+01
  95.8000000    1.5965570675e+01    1.5965570675e+01    1.9637340257e+01    1.5967195020e+01    1.5967195020e+01    1.2438398882e+01
  96.0000000    1.5965494042e+01    1.5965494042e+01    1.9637380123e+01    1.5967093526e+01    1.5967093526e+01    1.2438521975e+01
  96.2000000    1.5965416854e+01    1.5965416854e+01    1.9637428218e+01    1.5966992403e+01    1.5966992403e+01    1.2438635461e+01
  96.4000000    1.5965338510e+01    1.5965338510e+01    1.9637485110e+01    1.5966891564e+01    1.5966891564e+01    1.2438738044e+01
  96.6000000    1.5965258475e+01    1.5965258475e+01    1.9637550871e+01    1.5966790921e+01    1.5966790921e+01    1.2438829105e+01
  96.8000000    1.5965176321e+01    1.5965176321e+01    1.9637625080e+01    1.5966690389e+01    1.5966690389e+01    1.2438908732e+01
  97.0000000    1.5965091739e+01    1.5965091739e+01    1.9637706864e+01    1.5966589885e+01    1.5966589885e+01    1.2438977703e+01
  97.2000000    1.5965004561e+01    1.5965004561e+01    1.9637794963e+01    1.5966489326e+01    1.5966489326e+01    1.2439037432e+01
  97.4000000    1.5964914753e+01    1.5964914753e+01    1.9637887818e+01    1.5966388619e+01    1.5966388619e+01    1.2439089872e+01
  97.6000000    1.5964822418e+01    1.5964822418e+01    1.9637983674e+01    1.5966287654e+01    1.5966287654e+01    1.2439137392e+01
  97.8000000    1.5964727773e+01    1.5964727773e+01    1.9638080691e+01    1.5966186296e+01    1.5966186296e+01    1.2439182623e+01
  98.0000000    1.5964631132e+01    1.5964631132e+01    1.9638177055e+01    1.5966084383e+01    1.5966084383e+01    1.2439228303e+01
  98.2000000    1.5964532880e+01    1.5964532880e+01    1.9638271071e+01    1.5965981726e+01    1.5965981726e+01    1.2439277111e+01
  98.4000000    1.5964433449e+01    1.5964433449e+01    1.9638361254e+01    1.5965878112e+01    1.5965878112e+01    1.2439331513e+01
  98.6000000    1.5964333291e+01    1.5964333291e+01    1.9638446386e+01    1.5965773317e+01    1.5965773317e+01    1.2439393625e+01
  98.8000000    1.5964232851e+01    1.5964232851e+01    1.9638525561e+01    1.5965667124e+01    1.5965667124e+01    1.2439465090e+01
  99.0000000    1.5964132546e+01    1.5964132546e+01    1.9638598196e+01    1.5965559345e+01    1.5965559345e+01    1.2439547000e+01
  99.2000000    1.5964032749e+01    1.5964032749e+01    1.9638664030e+01    1.5965449842e+01    1.5965449842e+01    1.2439639834e+01
  99.4000000    1.5963933772e+01    1.5963933772e+01    1.9638723097e+01    1.5965338556e+01    1.5965338556e+01    1.2439743443e+01
  99.6000000    1.5963835852e+01    1.5963835852e+01    1.9638775693e+01    1.5965225522e+01    1.5965225522e+01    1.2439857063e+01
  99.8000000    1.5963739150e+01    1.5963739150e+01    1.9638822329e+01    1.5965110887e+01    1.5965110887e+01    1.2439979368e+01
 100.0000000    1.5963643740e+01    1.5963643740e+01    1.9638863685e+01    1.5964994919e+01    1.5964994919e+01    1.2440108549e+01
