#       time         integral Re         integral Im         integral Re         integral Im
#       r =            16.000000           16.000000           32.000000           32.000000
   0.0000000   -1.6998612300e-03   -1.4167576802e-19   -1.1564218439e-02    1.7271899186e-19
   0.1000000   -1.6219550667e-03   -3.8986282862e-20   -1.1680977392e-02    2.2984196904e-19
   0.2000000   -1.5074480668e-03   -1.5298392188e-19   -1.1758603469e-02    1.7976051050e-19
   0.3000000   -1.3627679525e-03   -5.8594710807e-20   -1.1793078948e-02    8.5194567271e-21
   0.4000000   -1.1945780973e-03   -5.0012134552e-20   -1.1782268360e-02    2.7976148890e-19
   0.5000000   -1.0096613705e-03    5.4535494089e-21   -1.1725563799e-02    5.4835610306e-20
   0.6000000   -8.1482483631e-04    2.6064707507e-20   -1.1623622263e-02    1.7950600065e-19
   0.7000000   -6.1681592120e-04   -6.7275035148e-20   -1.1478167129e-02    2.4459877471e-19
   0.8000000   -4.2224072903e-04   -1.2688166816e-20   -1.1291826164e-02    3.3847979352e-19
   0.9000000   -2.3747651363e-04    3.7343965760e-20   -1.1067983614e-02    6.0476862619e-20
   1.0000000   -6.8572658129e-05    3.3014917973e-20   -1.0810630176e-02    2.2867171982e-19
   1.1000000    7.8862432216e-05   -1.7297932939e-20   -1.0524203960e-02    1.1475940931e-19
   1.2000000    1.9978779939e-04   -1.0838576037e-19   -1.0213424086e-02    8.7106798621e-20
   1.3000000    2.8986572806e-04   -4.2286788716e-20   -9.8831211799e-03    1.8533092501e-19
   1.4000000    3.4559995813e-04   -1.4386155730e-21   -9.5380741069e-03    2.1436899655e-19
   1.5000000    3.6446733359e-04   -6.8859332998e-20   -9.1828639330e-03    1.4902664727e-19
   1.6000000    3.4503267236e-04   -5.6440051356e-21   -8.8217495584e-03    1.2182401385e-19
   1.7000000    2.8703634521e-04   -2.4105569286e-21   -8.4585729762e-03    2.4658558403e-19
   1.8000000    1.9144536483e-04   -3.2532611918e-20   -8.0966993897e-03    1.8060527097e-20
   1.9000000    6.0460022028e-05   -3.1013748641e-21   -7.7389874014e-03    1.2019774657e-19
   2.0000000   -1.0252897897e-04   -6.0533196553e-20   -7.3877868200e-03   -1.3841415771e-21
   2.1000000   -2.9303473432e-04   -4.4210517139e-20   -7.0449664857e-03    1.9152945321e-19
   2.2000000   -5.0561833199e-04   -5.6349743825e-20   -6.7119358182e-03    1.4851978748e-19
   2.3000000   -7.3407816927e-04   -8.7802259426e-20   -6.3896824238e-03    1.3536479747e-19
   2.4000000   -9.7167639622e-04   -3.8967579248e-20   -6.0788189298e-03    1.3795616652e-20
   2.5000000   -1.2113924641e-03   -5.4708523695e-20   -5.7796236533e-03   -5.3404541577e-20
   2.6000000   -1.4461910757e-03   -9.7478450014e-20   -5.4920656170e-03   -3.5288747392e-20
   2.7000000   -1.6692912877e-03   -6.3421930540e-20   -5.2158272469e-03    1.7854924163e-19
   2.8000000   -1.8744234456e-03   -8.7674896042e-21   -4.9503361152e-03    1.8785610229e-19
   2.9000000   -2.0560609783e-03   -7.1903666251e-20   -4.6947929003e-03    7.2004626379e-20
   3.0000000   -2.2096159265e-03   -7.9853476736e-20   -4.4481663470e-03   -2.8127674041e-20
   3.1000000   -2.3315891034e-03   -4.9830260216e-20   -4.2092302732e-03   -1.6584985429e-20
   3.2000000   -2.4196684529e-03    1.5127361848e-21   -3.9766281923e-03   -2.3626721021e-20
   3.3000000   -2.4727722016e-03    2.6590501366e-20   -3.7489142276e-03    5.7539224426e-20
   3.4000000   -2.4910363071e-03   -2.8429843227e-20   -3.5246580986e-03    1.1462308747e-19
   3.5000000   -2.4757491927e-03   -2.5531135552e-20   -3.3025533061e-03   -1.0675581614e-19
   3.6000000   -2.4292388479e-03   -6.2337710077e-20   -3.0815098048e-03   -2.9593776983e-20
   3.7000000   -2.3547198234e-03   -4.0977018515e-20   -2.8607762476e-03   -3.2775420322e-20
   3.8000000   -2.2561093121e-03   -9.8402264811e-20   -2.6400579379e-03    4.4574022533e-20
   3.9000000   -2.1378270946e-03   -4.2504865668e-20   -2.4195838557e-03   -8.0041429881e-21
   4.0000000   -2.0045844367e-03   -7.0632948587e-20   -2.2001337902e-03    3.4870612978e-20
   4.1000000   -1.8611748314e-03   -2.8428220008e-20   -1.9830767458e-03   -4.0867870867e-20
   4.2000000   -1.7122777100e-03   -3.4480849322e-20   -1.7703671218e-03   -6.4854459220e-20
   4.3000000   -1.5622829997e-03   -8.0523715397e-20   -1.5644070943e-03    3.1116345853e-21
   4.4000000   -1.4151437858e-03   -2.9410055693e-21   -1.3679836446e-03    2.7411348144e-19
   4.5000000   -1.2742623362e-03   -4.1911876463e-20   -1.1841388733e-03   -7.9056238569e-20
   4.6000000   -1.1424110619e-03   -3.5254959851e-20   -1.0159733356e-03    2.4550092596e-20
   4.7000000   -1.0216903057e-03   -6.3794407109e-21   -8.6649847991e-04   -7.8847879630e-20
   4.8000000   -9.1352131232e-04   -4.3535189571e-20   -7.3842124035e-04   -1.2829626760e-20
   4.9000000   -8.1867169580e-04   -5.1392714064e-20   -6.3406517041e-04    1.6009913365e-20
   5.0000000   -7.3730738324e-04   -2.3579141128e-20   -5.5532804641e-04    1.9250573131e-20
   5.1000000   -6.6906516066e-04   -5.0646579001e-20   -5.0346394240e-04    7.5153133272e-20
   5.2000000   -6.1314424015e-04   -2.1228148211e-20   -4.7898611919e-04    3.2778264189e-20
   5.3000000   -5.6840643655e-04   -4.4604776680e-20   -4.8165358179e-04    1.1069627759e-19
   5.4000000   -5.3347974593e-04    4.0774699755e-22   -5.1047921426e-04   -1.2902056405e-19
   5.5000000   -5.0685982555e-04   -5.1983401430e-20   -5.6367599906e-04    7.0645567437e-20
   5.6000000   -4.8700439937e-04   -1.4605666236e-20   -6.3878392662e-04    1.0279249411e-19
   5.7000000   -4.7241653778e-04   -3.4367774788e-20   -7.3273768535e-04   -2.8121330978e-20
   5.8000000   -4.6171397877e-04   -5.5827497818e-20   -8.4199547027e-04   -2.0173702376e-20
   5.9000000   -4.5368278102e-04   -1.2930316745e-19   -9.6255598558e-04    2.8853298975e-20
   6.0000000   -4.4731401464e-04   -1.3992421596e-20   -1.0900069470e-03    6.8866381424e-20
   6.1000000   -4.4182448167e-04   -1.8412192733e-20   -1.2195801027e-03    9.2012576515e-21
   6.2000000   -4.3666175961e-04   -8.9007253342e-20   -1.3463408682e-03    7.1627650529e-20
   6.3000000   -4.3149561180e-04   -9.0942701472e-20   -1.4652147778e-03    4.5545617522e-20
   6.4000000   -4.2619823328e-04   -5.1593322718e-20   -1.5710894143e-03    8.9411284842e-20
   6.5000000   -4.2081562079e-04   -3.5905099967e-20   -1.6589413410e-03    1.2652799654e-19
   6.6000000   -4.1553279583e-04   -5.5850013020e-20   -1.7239067424e-03   -2.4056216528e-20
   6.7000000   -4.1063598431e-04   -6.5438048018e-20   -1.7613845260e-03   -2.1614715893e-20
   6.8000000   -4.0647382326e-04   -5.8562582910e-20   -1.7672769152e-03   -2.5237664589e-20
   6.9000000   -4.0341946267e-04   -3.8263537411e-20   -1.7381532642e-03    8.7182095260e-21
   7.0000000   -4.0183707869e-04   -3.0154161896e-20   -1.6714527197e-03   -8.7410890838e-20
   7.1000000   -4.0205256119e-04   -3.8962648671e-20   -1.5656379584e-03   -3.0023397098e-21
   7.2000000   -4.0432925563e-04   -3.5703442941e-20   -1.4203505511e-03    6.5729817356e-20
   7.3000000   -4.0885141196e-04   -4.4965783497e-20   -1.2364834173e-03    5.6361948418e-20
   7.4000000   -4.1571333398e-04   -5.0362202967e-20   -1.0160860676e-03    8.6793022635e-20
   7.5000000   -4.2491400108e-04   -1.4331914425e-20   -7.6265348075e-04   -1.1379706261e-19
   7.6000000   -4.3635763059e-04   -2.8134058993e-20   -4.8103412683e-04    6.0987103252e-20
   7.7000000   -4.4985891196e-04   -6.5634249050e-20   -1.7724350386e-04    4.4159613147e-20
   7.8000000   -4.6515220893e-04   -6.2505340021e-20    1.4173811135e-04   -8.1398217545e-20
   7.9000000   -4.8190386026e-04   -6.4995693602e-20    4.6824271456e-04    6.6300443988e-20
   8.0000000   -4.9972631629e-04   -4.6401964413e-20    7.9434353707e-04    6.0756675522e-20
   8.1000000   -5.1819311579e-04   -2.6053919633e-20    1.1122393049e-03    9.2201638476e-20
   8.2000000   -5.3685465357e-04   -7.0919356050e-20    1.4146073792e-03    9.3881848862e-20
   8.3000000   -5.5525402361e-04   -4.5148450646e-20    1.6948836550e-03    6.8354338056e-21
   8.4000000   -5.7294073977e-04   -1.0504149171e-19    1.9474693152e-03    1.1488219118e-19
   8.5000000   -5.8948451285e-04   -6.8700347668e-20    2.1680683575e-03    3.5023772446e-21
   8.6000000   -6.0448714759e-04   -1.0948697249e-20    2.3537549412e-03    2.6177113329e-19
   8.7000000   -6.1759061950e-04   -2.8204886759e-20    2.5029805463e-03   -5.4698412884e-20
   8.8000000   -6.2848539988e-04   -7.4160111999e-20    2.6155281911e-03    4.9936798588e-20
   8.9000000   -6.3691608521e-04   -2.7955937434e-20    2.6923875505e-03    6.9338285582e-20
   9.0000000   -6.4268382237e-04   -4.6813548786e-20    2.7355316569e-03    7.4425037933e-20
   9.1000000   -6.4564818502e-04   -7.9178096537e-20    2.7476819930e-03    4.0530925633e-20
   9.2000000   -6.4572656509e-04   -8.3234143799e-20    2.7320548385e-03    3.1548578466e-20
   9.3000000   -6.4289171058e-04    8.2218978408e-21    2.6921023153e-03    8.6740573136e-20
   9.4000000   -6.3716695469e-04   -7.2056788031e-20    2.6312770460e-03    1.3770034997e-20
   9.5000000   -6.2861965212e-04    1.7439196178e-20    2.5528224128e-03    1.3275735573e-19
   9.6000000   -6.1735440054e-04   -5.3683449937e-20    2.4596027666e-03    1.1009314835e-19
   9.7000000   -6.0350747681e-04   -7.4841869621e-20    2.3540236849e-03    4.9048481909e-20
   9.8000000   -5.8723971719e-04   -1.0342254719e-19    2.2379637494e-03   -1.0464002310e-21
   9.9000000   -5.6872943612e-04   -4.4708887363e-20    2.1127935301e-03    1.9409357313e-19
  10.0000000   -5.4816495408e-04   -8.8147066433e-20    1.9794299510e-03    3.9700111134e-20
  10.1000000   -5.2574303549e-04   -7.5573291267e-20    1.8384267498e-03    4.3569713098e-20
  10.2000000   -5.0166437986e-04   -4.9251290207e-20    1.6900661199e-03    1.4207506923e-19
  10.3000000   -4.7613394698e-04   -9.5792647724e-20    1.5344962688e-03    4.4251048458e-20
  10.4000000   -4.4936256794e-04   -6.3603812161e-20    1.3718700097e-03    9.6462971081e-20
  10.5000000   -4.2156905677e-04   -1.1090119673e-19    1.2024944719e-03   -2.3976858953e-20
  10.6000000   -3.9298339259e-04   -1.3682603512e-20    1.0269361271e-03    1.0321357526e-20
  10.7000000   -3.6385053566e-04   -5.7226390820e-20    8.4611171266e-04   -7.1806352148e-20
  10.8000000   -3.3443172502e-04   -8.5969776704e-20    6.6135557486e-04    1.4696802951e-19
  10.9000000   -3.0500552276e-04   -7.0506669814e-20    4.7446229167e-04    9.1881970740e-20
  11.0000000   -2.7586529028e-04   -1.0061551412e-19    2.8769224435e-04    8.7645634192e-20
  11.1000000   -2.4731737896e-04   -4.4594454235e-20    1.0375427671e-04    1.4523803968e-19
  11.2000000   -2.1967563506e-04   -1.1239335453e-19   -7.4248941609e-05    6.3589082428e-20
  11.3000000   -1.9325562814e-04   -1.1371130047e-19   -2.4291958136e-04    3.1800912953e-19
  11.4000000   -1.6836408703e-04   -8.9942462919e-20   -3.9866474143e-04   -9.7653551203e-20
  11.5000000   -1.4528857519e-04   -1.2427834346e-19   -5.3783448694e-04    1.1393408637e-19
  11.6000000   -1.2428862881e-04   -2.8416280849e-20   -6.5686904171e-04    3.9058210060e-20
  11.7000000   -1.0558525822e-04   -7.7892469658e-20   -7.5246553369e-04    9.9867119994e-20
  11.8000000   -8.9353336721e-05   -9.0974087863e-20   -8.2175395441e-04    6.1468592625e-20
  11.9000000   -7.5716604597e-05   -1.1900097997e-19   -8.6244828079e-04    5.2869400695e-21
  12.0000000   -6.4744938313e-05   -8.0819681242e-20   -8.7299073045e-04    8.3435165938e-20
  12.1000000   -5.6453122575e-05   -9.1495441323e-20   -8.5267846558e-04    7.4064552789e-20
  12.2000000   -5.0804951027e-05   -2.5014715974e-20   -8.0175406069e-04    3.7581968155e-20
  12.3000000   -4.7720655697e-05   -1.3051807950e-19   -7.2145923511e-04    8.5851964431e-21
  12.4000000   -4.7085731165e-05   -4.6416717590e-20   -6.1405239684e-04    1.0740309494e-19
  12.5000000   -4.8763401277e-05   -1.4710002711e-19   -4.8276086832e-04   -4.8933427255e-20
  12.6000000   -5.2606782938e-05   -9.6266302301e-20   -3.3168890227e-04    1.2302621308e-19
  12.7000000   -5.8471538279e-05   -5.4314674570e-20   -1.6568023335e-04   -5.4615380732e-20
  12.8000000   -6.6227523180e-05   -6.3601185677e-20    9.8612079328e-06    5.3935343311e-20
  12.9000000   -7.5768007138e-05   -1.8186005117e-20    1.8917554948e-04   -1.0377864180e-19
  13.0000000   -8.7016185123e-05   -1.1053572113e-19    3.6637799481e-04   -4.6048716162e-20
  13.1000000   -9.9929625347e-05   -9.3546853730e-20    5.3569470292e-04   -2.6904192325e-20
  13.2000000   -1.1449885265e-04   -1.0006422799e-19    6.9168839589e-04    1.1612208802e-20
  13.3000000   -1.3074212007e-04   -1.4602617800e-19    8.2946234314e-04   -3.9405297470e-20
  13.4000000   -1.4869750906e-04   -1.1609338407e-19    9.4483327318e-04    3.2157643857e-20
  13.5000000   -1.6841101585e-04   -8.7713907589e-20    1.0344630935e-03    7.3958712030e-21
  13.6000000   -1.8992257735e-04   -1.1103013941e-19    1.0959370180e-03    4.7267569813e-21
  13.7000000   -2.1325007830e-04   -9.5012970506e-20    1.1277951118e-03    9.0799055494e-20
  13.8000000   -2.3837439713e-04   -8.2618679170e-20    1.1295105782e-03   -4.5503308829e-20
  13.9000000   -2.6522671164e-04   -1.1606402024e-19    1.1014302788e-03   -4.9368137894e-21
  14.0000000   -2.9367500095e-04   -1.5352536156e-19    1.0446771123e-03   -2.8356609396e-20
  14.1000000   -3.2351474313e-04   -8.8186272453e-20    9.6102388048e-04   -1.6443511341e-19
  14.2000000   -3.5446348827e-04   -3.4901007761e-20    8.5274983293e-04   -5.4567509520e-20
  14.3000000   -3.8615973214e-04   -4.4777116128e-20    7.2249152859e-04   -5.0618231915e-20
  14.4000000   -4.1816715847e-04   -5.6751072906e-20    5.7309967298e-04    5.7590123354e-20
  14.5000000   -4.4997995539e-04   -6.9025859777e-20    4.0750859168e-04   -1.5447356025e-19
  14.6000000   -4.8103405299e-04   -7.1048977394e-20    2.2862762790e-04    7.3926137549e-20
  14.7000000   -5.1072182651e-04   -6.7067666739e-20    3.9253959944e-05   -7.8268353838e-20
  14.8000000   -5.3840873626e-04   -4.1997034345e-20   -1.5798596489e-04   -8.4904319878e-20
  14.9000000   -5.6345043145e-04   -4.3504969128e-20   -3.6066545041e-04   -7.5423827403e-20
  15.0000000   -5.8521209137e-04   -4.8010103679e-20   -5.6656236258e-04   -9.6018814273e-20
  15.1000000   -6.0308750076e-04   -5.5338751064e-20   -7.7364293757e-04    6.2446845080e-21
  15.2000000   -6.1651789105e-04   -3.4843809624e-20   -9.8002410523e-04    7.1405199794e-20
  15.3000000   -6.2500940960e-04   -2.9202927815e-20   -1.1839242910e-03   -1.4216799070e-20
  15.4000000   -6.2814879182e-04   -4.2067814020e-20   -1.3836077912e-03   -2.5187270401e-19
  15.5000000   -6.2561691103e-04    3.2304750688e-20   -1.5773272659e-03   -1.1422905392e-19
  15.6000000   -6.1720039510e-04   -1.9617216924e-20   -1.7632709248e-03   -5.6926987812e-20
  15.7000000   -6.0280055620e-04   -4.3363447084e-20   -1.9395206241e-03   -7.3920540610e-20
  15.8000000   -5.8243899818e-04   -4.6845984728e-20   -2.1040231110e-03   -6.2253320066e-20
  15.9000000   -5.5626086827e-04   -8.2557219298e-20   -2.2545823160e-03   -2.8448379305e-20
  16.0000000   -5.2453556745e-04    2.3492428454e-21   -2.3888730027e-03    6.3085757653e-21
  16.1000000   -4.8765426493e-04   -5.5234040961e-20   -2.5044806652e-03   -1.9258465833e-19
  16.2000000   -4.4612459111e-04    3.0432138114e-20   -2.5989670936e-03   -1.6724735017e-19
  16.3000000   -4.0056234152e-04   -5.0256288275e-20   -2.6699550461e-03    4.8833867457e-20
  16.4000000   -3.5167977059e-04    6.1597702984e-20   -2.7152337329e-03   -5.1456141420e-20
  16.5000000   -3.0027188090e-04    2.3169632154e-20   -2.7328730318e-03    8.1952539486e-20
  16.6000000   -2.4720040412e-04    7.5556820346e-21   -2.7213427634e-03    3.7526243101e-20
  16.7000000   -1.9337705513e-04    4.4158201768e-20   -2.6796310736e-03   -1.7061299036e-19
  16.8000000   -1.3974433233e-04   -5.0112473485e-20   -2.6073549670e-03    1.5140453494e-19
  16.9000000   -8.7255305300e-05    2.2866525234e-21   -2.5048470668e-03   -5.6469772636e-20
  17.0000000   -3.6853253086e-05   -9.7729325452e-20   -2.3732159619e-03   -6.7260979333e-20
  17.1000000    1.0548091721e-05   -1.6650929163e-20   -2.2143745451e-03    1.3044463721e-19
  17.2000000    5.4083502980e-05    2.0426366677e-20   -2.0310276849e-03    1.0146934081e-19
  17.3000000    9.2953026971e-05    1.5063707693e-20   -1.8266254003e-03   -4.0488016847e-21
  17.4000000    1.2644216422e-04   -3.5164840106e-20   -1.6052752316e-03    1.8489320193e-20
  17.5000000    1.5393400613e-04    2.4842120439e-21   -1.3716138962e-03    8.9638468805e-20
  17.6000000    1.7492107187e-04   -3.1934912657e-20   -1.1306568364e-03    3.1480511126e-20
  17.7000000    1.8901412683e-04   -2.0406106181e-20   -8.8762363619e-04   -8.7176859907e-20
  17.8000000    1.9594755843e-04   -3.3262548498e-20   -6.4774444865e-04   -8.8111920247e-21
  17.9000000    1.9558187313e-04    7.3373211166e-20   -4.1606787412e-04    6.2044351280e-20
  18.0000000    1.8790271884e-04    3.9503178193e-20   -1.9727573866e-04   -5.1725244131e-20
  18.1000000    1.7302305324e-04   -1.7367290001e-20    4.4855065695e-06    1.4692007997e-19
  18.2000000    1.5117586859e-04    3.4487473072e-20    1.8574749740e-04    6.1703407177e-20
  18.3000000    1.2270697188e-04    1.5141103743e-20    3.4383242055e-04    6.4807903936e-21
  18.4000000    8.8067343362e-05    5.3044636669e-20    4.7692694043e-04    2.4483875037e-19
  18.5000000    4.7802824214e-05    1.5042143190e-20    5.8411754065e-04    8.9215474624e-20
  18.6000000    2.5447693466e-06   -3.5334910565e-21    6.6538546800e-04    1.6722504574e-19
  18.7000000   -4.7002201642e-05    6.5604388672e-20    7.2156802070e-04    1.0821919935e-19
  18.8000000   -1.0007495477e-04    6.2848196495e-20    7.5427919906e-04   -3.5376190140e-20
  18.9000000   -1.5586425778e-04    1.0900901320e-19    7.6579177821e-04    1.1542067698e-19
  19.0000000   -2.1352693597e-04    6.3959217922e-20    7.5890690121e-04   -2.8315521502e-21
  19.1000000   -2.7220137890e-04    6.0311056239e-20    7.3680413592e-04   -4.5340888428e-20
  19.2000000   -3.3102000550e-04    1.0209775506e-19    7.0287913242e-04    5.3521321897e-20
  19.3000000   -3.8912286234e-04    7.6219569806e-20    6.6058630188e-04    1.6744268295e-19
  19.4000000   -4.4567140501e-04    8.8007720787e-20    6.1328736307e-04    3.5896617477e-20
  19.5000000   -4.9986472982e-04    9.5649068730e-20    5.6411414165e-04    3.1301739734e-20
  19.6000000   -5.5095213001e-04    1.3909052515e-19    5.1584927417e-04   -8.0553231061e-20
  19.7000000   -5.9824636450e-04    8.7908529798e-20    4.7083087388e-04    6.2894984741e-20
  19.8000000   -6.4113614216e-04    1.0200959477e-19    4.3088684498e-04    2.7386055810e-20
  19.9000000   -6.7909612141e-04    9.4905848308e-20    3.9729289098e-04   -3.7723697442e-20
  20.0000000   -7.1169497127e-04    9.2227478037e-20    3.7076150690e-04    2.4002659191e-20
  20.1000000   -7.3860264509e-04    1.1861254293e-19    3.5146432560e-04    1.0285411013e-20
  20.2000000   -7.5959294580e-04    1.3861321939e-19    3.3907766213e-04   -1.2337098805e-20
  20.3000000   -7.7454390266e-04    1.1683091630e-19    3.3284914393e-04   -3.6218188806e-21
  20.4000000   -7.8343684475e-04    1.2236206703e-19    3.3167942092e-04   -3.3628704714e-20
  20.5000000   -7.8635102203e-04    1.2109815904e-19    3.3421889843e-04   -4.7253478304e-21
  20.6000000   -7.8345548554e-04    1.4478097590e-19    3.3896431135e-04   -5.5648409551e-22
  20.7000000   -7.7499951406e-04    9.9126496858e-20    3.4435693025e-04    2.8419551229e-20
  20.8000000   -7.6130205367e-04    1.6554458651e-19    3.4887406522e-04    2.1120017688e-20
  20.9000000   -7.4273948398e-04    1.2307257650e-19    3.5110996384e-04   -1.9650367550e-20
  21.0000000   -7.1973310848e-04    9.9975041055e-20    3.4983925926e-04   -2.9490748436e-20
  21.1000000   -6.9273690291e-04    9.6170539875e-20    3.4406499047e-04   -4.1118008899e-20
  21.2000000   -6.6222623702e-04    6.5760384878e-20    3.3304527108e-04    9.8408515385e-20
  21.3000000   -6.2868832244e-04    1.1017070850e-19    3.1630369740e-04   -1.8454901550e-20
  21.4000000   -5.9261314142e-04    9.0210146572e-20    2.9361541567e-04   -7.4109737027e-20
  21.5000000   -5.5448737588e-04    1.0687069910e-19    2.6498323324e-04   -2.0435855014e-20
  21.6000000   -5.1479024885e-04    7.0580861061e-20    2.3059744607e-04   -4.4289010105e-20
  21.7000000   -4.7398915557e-04    7.2849440862e-20    1.9078880142e-04    7.1471330175e-20
  21.8000000   -4.3253830210e-04    4.0525547558e-20    1.4597618852e-04   -3.1455954871e-20
  21.9000000   -3.9088038773e-04    2.2016506817e-20    9.6612588933e-05   -6.7267262162e-21
  22.0000000   -3.4944449273e-04    2.8592679014e-20    4.3135829689e-05    3.3478680017e-20
  22.1000000   -3.0864732202e-04    1.7575443278e-20   -1.4075511376e-05    1.5169850445e-21
  22.2000000   -2.6889250289e-04   -3.5909375897e-20   -7.4737644898e-05    4.6311991268e-20
  22.3000000   -2.3056929209e-04   -8.1046422770e-20   -1.3868102223e-04    6.1358861345e-20
  22.4000000   -1.9405091849e-04   -7.7614635117e-20   -2.0586161745e-04   -1.5308042592e-20
  22.5000000   -1.5969199128e-04   -6.2745302178e-20   -2.7635769766e-04    4.6202498931e-20
  22.6000000   -1.2782588924e-04   -9.3712410401e-20   -3.5035399454e-04   -5.7048197199e-20
  22.7000000   -9.8759730549e-05   -5.9064314418e-20   -4.2811590673e-04    7.4689467293e-20
  22.8000000   -7.2769099939e-05   -1.0767918848e-19   -5.0995112232e-04   -2.7646995072e-20
  22.9000000   -5.0093250762e-05   -1.1282199501e-19   -5.9617078548e-04    7.5611150482e-20
  23.0000000   -3.0930241140e-05   -1.2775479690e-19   -6.8702759867e-04    9.2523404155e-21
  23.1000000   -1.5431564264e-05   -1.6751517092e-19   -7.8266446430e-04   -8.3034190717e-20
  23.2000000   -3.6984185849e-06   -1.6564276123e-19   -8.8307419479e-04    2.0344501011e-20
  23.3000000    4.2209631033e-06   -2.2566696036e-19   -9.8805747774e-04    2.5393934676e-20
  23.4000000    8.3328451308e-06   -2.6865600074e-19   -1.0971878471e-03   -4.6059067991e-21
  23.5000000    8.6981141907e-06   -2.2363856036e-19   -1.2097864481e-03    2.4231913443e-20
  23.6000000    5.4307547425e-06   -2.6733048734e-19   -1.3248991053e-03   -4.3450244115e-20
  23.7000000   -1.3052332629e-06   -2.2485994940e-19   -1.4412920788e-03   -8.5628056094e-20
  23.8000000   -1.1300105598e-05   -2.4573802235e-19   -1.5574583474e-03    9.1047357667e-20
  23.9000000   -2.4304169715e-05   -2.7477837104e-19   -1.6716418847e-03   -2.8412849694e-21
  24.0000000   -4.0033976055e-05   -2.8293555698e-19   -1.7818802551e-03    1.7543154613e-20
  24.1000000   -5.8179256441e-05   -2.9444723366e-19   -1.8860397891e-03   -2.4965589175e-20
  24.2000000   -7.8410262738e-05   -2.6179132050e-19   -1.9818612348e-03    1.6437594723e-20
  24.3000000   -1.0038463869e-04   -2.9546701955e-19   -2.0670303247e-03   -1.5090713327e-20
  24.4000000   -1.2375470342e-04   -2.7443241654e-19   -2.1392480165e-03    7.5080930117e-20
  24.5000000   -1.4817378694e-04   -2.8861838878e-19   -2.1962980449e-03   -2.2033848769e-20
  24.6000000   -1.7330151665e-04   -3.3098890579e-19   -2.2361295808e-03   -2.1411372726e-20
  24.7000000   -1.9880875472e-04   -3.0536205264e-19   -2.2569095364e-03   -6.6087620020e-20
  24.8000000   -2.2438136477e-04   -3.1315606138e-19   -2.2570949553e-03    2.9006089642e-20
  24.9000000   -2.4972281182e-04   -3.0309039511e-19   -2.2354870623e-03   -1.9105824751e-20
  25.0000000   -2.7455608424e-04   -3.4071233839e-19   -2.1912914601e-03    4.3349558909e-20
  25.1000000   -2.9862500111e-04   -2.6738706542e-19   -2.1241543217e-03   -5.5262355930e-20
  25.2000000   -3.2169509104e-04   -2.5556657586e-19   -2.0341822773e-03   -5.7724139703e-20
  25.3000000   -3.4355357623e-04   -2.6169320213e-19   -1.9219489023e-03   -4.4475294729e-20
  25.4000000   -3.6400943043e-04   -2.3268370058e-19   -1.7884982554e-03   -4.3772940080e-20
  25.5000000   -3.8289360745e-04   -1.9573709618e-19   -1.6353270693e-03    7.9393940249e-20
  25.6000000   -4.0005955512e-04   -2.2031653161e-19   -1.4643577841e-03   -4.2502593695e-20
  25.7000000   -4.1538410741e-04   -1.5819319472e-19   -1.2778956411e-03   -5.7430586687e-20
  25.8000000   -4.2876826678e-04   -1.4828525664e-19   -1.0785795053e-03    9.8511751788e-20
  25.9000000   -4.4013852063e-04   -1.3824975250e-19   -8.6932001694e-04   -8.9019004410e-21
  26.0000000   -4.4944831252e-04   -1.8239978666e-19   -6.5323030982e-04   -7.4724987833e-20
  26.1000000   -4.5667964240e-04   -1.2852369771e-19   -4.3355382432e-04   -2.0598081489e-20
  26.2000000   -4.6184429608e-04   -2.5363209143e-20   -2.1359019753e-04   -2.2116835486e-20
  26.3000000   -4.6498459483e-04   -5.8318971111e-20    3.3788437080e-06    2.7970252711e-20
  26.4000000   -4.6617362451e-04    2.6619896187e-20    2.1416172474e-04   -2.3188975483e-20
  26.5000000   -4.6551499576e-04   -9.0756634252e-21    4.1572951536e-04   -2.7469036227e-21
  26.6000000   -4.6314120163e-04    3.2720330434e-20    6.0527771691e-04   -2.7934673986e-20
  26.7000000   -4.5921101119e-04    4.9046571741e-20    7.8027947348e-04   -4.6553370685e-20
  26.8000000   -4.5390607627e-04    6.0087606549e-20    9.3852936146e-04   -2.3970728361e-21
  26.9000000   -4.4742585541e-04    9.0720414345e-20    1.0781959902e-03   -2.8943903278e-20
  27.0000000   -4.3998204839e-04    1.2566247845e-19    1.1978377893e-03   -1.1030342320e-19
  27.1000000   -4.3179224058e-04    1.5220830329e-19    1.2964268458e-03   -3.8577845269e-20
  27.2000000   -4.2307300165e-04    2.0079566899e-19    1.3733551969e-03   -9.4352165839e-20
  27.3000000   -4.1403282998e-04    2.2770466844e-19    1.4284077622e-03   -1.1018515639e-19
  27.4000000   -4.0486512454e-04    1.9377042606e-19    1.4617640621e-03   -7.4443482344e-20
  27.5000000   -3.9574188229e-04    2.1353001084e-19    1.4739798365e-03   -1.6604797035e-19
  27.6000000   -3.8680806812e-04    2.8275373788e-19    1.4659534889e-03   -1.3600171892e-19
  27.7000000   -3.7817715179e-04    2.6496062099e-19    1.4388644468e-03   -8.7419671362e-20
  27.8000000   -3.6992787986e-04    2.8931843110e-19    1.3941427086e-03   -3.6869231534e-20
  27.9000000   -3.6210311500e-04    3.1700546074e-19    1.3334209543e-03   -6.4197214574e-21
  28.0000000   -3.5471020266e-04    3.3377524791e-19    1.2584806559e-03   -1.7322460138e-20
  28.1000000   -3.4772313852e-04    3.4909603907e-19    1.1712064008e-03   -6.6532676461e-21
  28.2000000   -3.4108612884e-04    3.7877228285e-19    1.0735357342e-03    1.1477845951e-20
  28.3000000   -3.3471861366e-04    3.4531593817e-19    9.6741018235e-04   -1.0482735740e-19
  28.4000000   -3.2852114558e-04    3.8558112800e-19    8.5473291167e-04    4.1305491121e-20
  28.5000000   -3.2238260425e-04    3.8136390086e-19    7.3733254545e-04   -1.3626955307e-19
  28.6000000   -3.1618692817e-04    3.6593694906e-19    6.1692925028e-04   -1.3502389416e-20
  28.7000000   -3.0981999535e-04    3.5618442154e-19    4.9510631738e-04    3.3418427643e-20
  28.8000000   -3.0317609628e-04    3.9047054102e-19    3.7329269236e-04   -3.6486489855e-20
  28.9000000   -2.9616366991e-04    3.8495705797e-19    2.5274948111e-04   -3.5387030111e-20
  29.0000000   -2.8870955369e-04    3.5973694451e-19    1.3456335819e-04    2.7956158113e-21
  29.1000000   -2.8076212167e-04    3.5065100582e-19    1.9648419799e-05    3.3096419233e-20
  29.2000000   -2.7229295774e-04    3.8167319294e-19   -9.1246844400e-05    3.0416978338e-20
  29.3000000   -2.6329706394e-04    3.5549558549e-19   -1.9752402601e-04    1.1505927494e-19
  29.4000000   -2.5379231569e-04    3.1788867467e-19   -2.9871752374e-04    5.3662158674e-20
  29.5000000   -2.4381779497e-04    3.3456341803e-19   -3.9446997353e-04    8.8203573017e-21
  29.6000000   -2.3343162231e-04    3.3565190927e-19   -4.8450564750e-04    1.9132380166e-19
  29.7000000   -2.2270809978e-04    3.0527661410e-19   -5.6860292621e-04    9.8752554533e-20
  29.8000000   -2.1173522647e-04    2.5201433444e-19   -6.4657202301e-04    1.7960859984e-19
  29.9000000   -2.0061218197e-04    2.6231393864e-19   -7.1822710783e-04    2.1298402722e-19
  30.0000000   -1.8944737736e-04    2.5115737731e-19   -7.8336069360e-04    9.3069214100e-20
  30.1000000   -1.7835688482e-04    2.2228734222e-19   -8.4172651064e-04    1.0784136103e-19
  30.2000000   -1.6746325257e-04    1.8408373954e-19   -8.9302970957e-04    2.4070541791e-19
  30.3000000   -1.5689489285e-04    1.7071098553e-19   -9.3692176324e-04    5.5720030791e-20
  30.4000000   -1.4678563297e-04    1.6937823268e-19   -9.7300365138e-04    1.7687348965e-19
  30.5000000   -1.3727416865e-04    1.0593932212e-19   -1.0008324298e-03    1.7412355923e-19
  30.6000000   -1.2850378206e-04    7.2126046859e-20   -1.0199408182e-03    3.2745919846e-19
  30.7000000   -1.2062134035e-04    6.0757740509e-20   -1.0298615875e-03    1.2956650975e-19
  30.8000000   -1.1377566585e-04    1.8464713850e-20   -1.0301614956e-03    1.8458680846e-19
  30.9000000   -1.0811538848e-04    1.8187932267e-20   -1.0204703199e-03    2.0973515807e-19
  31.0000000   -1.0378601959e-04   -1.6836780168e-20   -1.0005205931e-03    3.6304247724e-19
  31.1000000   -1.0092631174e-04   -5.1320968572e-20   -9.7018449727e-04    2.1117485157e-19
  31.2000000   -9.9664115545e-05   -9.6541879238e-20   -9.2950567709e-04    2.1551265809e-19
  31.3000000   -1.0011184458e-04   -1.1434674463e-19   -8.7872930222e-04    2.6910472396e-19
  31.4000000   -1.0236184931e-04   -1.3273360549e-19   -8.1832294904e-04    2.1180432544e-19
  31.5000000   -1.0648180892e-04   -1.8457524943e-19   -7.4898812856e-04    2.4903194205e-19
  31.6000000   -1.1251054158e-04   -1.6943933200e-19   -6.7166252794e-04    1.5299322021e-19
  31.7000000   -1.2045450850e-04   -1.9237570527e-19   -5.8751225266e-04    1.1137540264e-20
  31.8000000   -1.3028493721e-04   -2.5893206965e-19   -4.9791355828e-04    1.3766053083e-19
  31.9000000   -1.4193628275e-04   -2.6869173993e-19   -4.0442465669e-04    5.1000609526e-20
  32.0000000   -1.5530556196e-04   -3.1080471146e-19   -3.0874963380e-04    1.7212016260e-19
  32.1000000   -1.7025273150e-04   -3.3476097949e-19   -2.1269528860e-04    9.0526130061e-20
  32.2000000   -1.8660228999e-04   -3.3416858486e-19   -1.1812220588e-04    8.2677263125e-21
  32.3000000   -2.0414586279e-04   -2.8065541019e-19   -2.6894364178e-05    4.1065939301e-20
  32.4000000   -2.2264554646e-04   -3.6904749614e-19    5.9171819525e-05   -6.9349792836e-20
  32.5000000   -2.4183815794e-04   -3.5985028284e-19    1.3835930282e-04   -8.2711357571e-21
  32.6000000   -2.6144006264e-04   -4.0767101321e-19    2.0909649636e-04    1.4945018067e-20
  32.7000000   -2.8115245980e-04   -4.2208809567e-19    2.6999803560e-04   -1.0104529643e-19
  32.8000000   -3.0066674515e-04   -4.2670290223e-19    3.1990283499e-04   -6.1350489946e-21
  32.9000000   -3.1967044675e-04   -5.0158637136e-19    3.5790395921e-04   -1.3097529488e-19
  33.0000000   -3.3785320390e-04   -4.1925938336e-19    3.8336983879e-04   -3.0636403424e-20
  33.1000000   -3.5491259516e-04   -4.2022060620e-19    3.9595830696e-04   -1.0241994259e-19
  33.2000000   -3.7056047323e-04   -4.4706947487e-19    3.9562283387e-04   -1.9810808104e-19
  33.3000000   -3.8452895526e-04   -4.0542725493e-19    3.8261019587e-04   -1.9372778587e-19
  33.4000000   -3.9657595033e-04   -4.2252126015e-19    3.5745174575e-04   -2.1035759664e-19
  33.5000000   -4.0649069170e-04   -3.5775848920e-19    3.2094780005e-04   -1.3682125711e-19
  33.6000000   -4.1409900755e-04   -3.5382163815e-19    2.7414379472e-04   -2.9319858211e-19
  33.7000000   -4.1926753228e-04   -3.6128140704e-19    2.1830242547e-04   -1.6664350445e-19
  33.8000000   -4.2190739383e-04   -3.1496766353e-19    1.5487055659e-04   -1.3282610309e-19
  33.9000000   -4.2197703034e-04   -3.2936841926e-19    8.5441103213e-05   -1.2322443373e-19
  34.0000000   -4.1948372519e-04   -2.8089812647e-19    1.1712182548e-05   -1.3852323671e-19
  34.1000000   -4.1448396588e-04   -2.4317988695e-19   -6.4556187220e-05   -1.2850300210e-19
  34.2000000   -4.0708243782e-04   -2.0243680859e-19   -1.4158643354e-04   -1.5788871708e-19
  34.3000000   -3.9742984649e-04   -1.5581068458e-19   -2.1762748889e-04   -1.6149919695e-19
  34.4000000   -3.8571946512e-04   -1.1071031007e-19   -2.9099805140e-04   -1.4499377228e-19
  34.5000000   -3.7218225462e-04   -7.4390019501e-20   -3.6012770351e-04   -1.1967169620e-19
  34.6000000   -3.5708111815e-04   -6.3115055029e-20   -4.2359532349e-04   -8.9003068066e-20
  34.7000000   -3.4070427171e-04    2.2800081115e-20   -4.8016103564e-04   -1.1391026535e-19
  34.8000000   -3.2335808515e-04    1.4096916806e-20   -5.2879453549e-04   -1.0961125301e-19
  34.9000000   -3.0535966774e-04    2.1101132242e-20   -5.6869670759e-04   -8.5519879856e-20
  35.0000000   -2.8702932857e-04    8.6971942350e-20   -5.9931441327e-04   -1.0894110023e-19
  35.1000000   -2.6868326829e-04    1.2196768905e-19   -6.2034992832e-04   -4.2426273512e-20
  35.2000000   -2.5062705136e-04    1.8905773978e-19   -6.3176061662e-04   -7.2495410452e-20
  35.3000000   -2.3314968282e-04    1.8009822680e-19   -6.3375261514e-04   -3.6228761157e-20
  35.4000000   -2.1651860414e-04    2.0635626491e-19   -6.2676837847e-04   -7.8062649372e-20
  35.5000000   -2.0097561877e-04    2.5726151730e-19   -6.1146742779e-04   -4.5754366989e-20
  35.6000000   -1.8673382721e-04    2.6162405232e-19   -5.8870160604e-04   -8.1650413759e-20
  35.7000000   -1.7397552039e-04    2.3983942190e-19   -5.5948499679e-04   -3.9519235665e-20
  35.8000000   -1.6285113273e-04    2.5623080865e-19   -5.2496082373e-04   -4.7483533533e-20
  35.9000000   -1.5347877448e-04    2.6502522022e-19   -4.8636683633e-04   -1.2741147366e-20
  36.0000000   -1.4594450896e-04    2.7905613767e-19   -4.4499754483e-04   -5.7707915488e-20
  36.1000000   -1.4030312414e-04    2.6352450253e-19   -4.0216661291e-04   -7.8331933720e-20
  36.2000000   -1.3657935494e-04    2.7654457808e-19   -3.5917096330e-04   -6.6702095788e-20
  36.3000000   -1.3476938860e-04    2.7570262410e-19   -3.1725357900e-04   -6.7173239954e-20
  36.4000000   -1.3484249274e-04    2.6870650415e-19   -2.7757271596e-04    3.2577024982e-20
  36.5000000   -1.3674268732e-04    1.9607418684e-19   -2.4117115782e-04   -1.6377446446e-19
  36.6000000   -1.4039048743e-04    2.2600205300e-19   -2.0895156809e-04   -1.2145056445e-19
  36.7000000   -1.4568456139e-04    2.2888895145e-19   -1.8165639570e-04   -1.5567441793e-19
  36.8000000   -1.5250350814e-04    2.1333139733e-19   -1.5985276573e-04   -7.4669997492e-20
  36.9000000   -1.6070759912e-04    2.0484515738e-19   -1.4392311248e-04   -1.2732469726e-19
  37.0000000   -1.7014055249e-04    1.4728496657e-19   -1.3406198464e-04   -1.8182931812e-19
  37.1000000   -1.8063138190e-04    1.5578796486e-19   -1.3027810288e-04   -1.6853296166e-19
  37.2000000   -1.9199642284e-04    1.1707943504e-19   -1.3240155754e-04   -1.9018518999e-19
  37.3000000   -2.0404141980e-04    1.0814292679e-19   -1.4009655369e-04   -2.1643482807e-19
  37.4000000   -2.1656375733e-04    8.5605914264e-20   -1.5287899852e-04   -2.2357752998e-19
  37.5000000   -2.2935485431e-04    7.9122384437e-20   -1.7013801139e-04   -1.6510390474e-19
  37.6000000   -2.4220250356e-04    5.9536912950e-20   -1.9116051746e-04   -2.3255857040e-19
  37.7000000   -2.5489328726e-04   -1.0871433378e-20   -2.1515862468e-04   -1.7446940088e-19
  37.8000000   -2.6721527660e-04   -1.2473420440e-21   -2.4129828303e-04   -1.5066680093e-19
  37.9000000   -2.7896035008e-04   -4.9354615854e-20   -2.6872832223e-04   -2.3170856900e-19
  38.0000000   -2.8992668508e-04   -5.3410237265e-20   -2.9660864499e-04   -2.3459240155e-19
  38.1000000   -2.9992115828e-04   -6.2691676794e-20   -3.2413684161e-04   -1.3925036745e-19
  38.2000000   -3.0876163945e-04   -6.2176387305e-20   -3.5057251995e-04   -1.2117963075e-19
  38.3000000   -3.1627926199e-04   -9.9156914195e-20   -3.7525817401e-04   -1.7536314007e-19
  38.4000000   -3.2232053606e-04   -9.6609791335e-20   -3.9763550346e-04   -1.4627281899e-19
  38.5000000   -3.2674914829e-04   -9.5833102283e-20   -4.1725812367e-04   -6.0314106980e-20
  38.6000000   -3.2944770792e-04   -1.2875219101e-19   -4.3379894749e-04   -8.6235854861e-20
  38.7000000   -3.3031931703e-04   -1.5824476406e-19   -4.4705203663e-04   -3.2656815598e-20
  38.8000000   -3.2928925830e-04   -1.8310770142e-19   -4.5693114004e-04   -5.6172935937e-20
  38.9000000   -3.2630623564e-04   -1.7840579185e-19   -4.6346245694e-04   -4.6723929497e-21
  39.0000000   -3.2134358770e-04   -1.5150614716e-19   -4.6677346860e-04   -3.0111065537e-20
  39.1000000   -3.1440036170e-04   -1.8514958609e-19   -4.6707937978e-04    9.2400976003e-20
  39.2000000   -3.0550223999e-04   -1.7082248951e-19   -4.6466528670e-04    1.5563427246e-19
  39.3000000   -2.9470231973e-04   -1.5327201888e-19   -4.5986628424e-04    8.9080428563e-20
  39.4000000   -2.8208160091e-04   -1.8097148810e-19   -4.5304784264e-04    1.4842431308e-19
  39.5000000   -2.6774919848e-04   -1.7425762596e-19   -4.4458600582e-04    1.8517301951e-19
  39.6000000   -2.5184219598e-04   -1.6254928368e-19   -4.3484901942e-04    1.9008875338e-19
  39.7000000   -2.3452506130e-04   -1.5096869784e-19   -4.2417889440e-04    2.2375121781e-19
  39.8000000   -2.1598859097e-04   -1.2075141087e-19   -4.1287713256e-04    2.3353144214e-19
  39.9000000   -1.9644821354e-04   -1.3078552593e-19   -4.0119369380e-04    2.6794144407e-19
  40.0000000   -1.7614166811e-04   -1.4046780214e-19   -3.8931928010e-04    2.5069176468e-19
  40.1000000   -1.5532595599e-04   -1.2703066436e-19   -3.7738160770e-04    2.9217958551e-19
  40.2000000   -1.3427356734e-04   -8.5239037214e-20   -3.6544512555e-04    2.7094233058e-19
  40.3000000   -1.1326810245e-04   -6.3793593056e-20   -3.5351421618e-04    3.5630040672e-19
  40.4000000   -9.2599172570e-05   -9.6059630367e-20   -3.4154004288e-04    2.6496253257e-19
  40.5000000   -7.2556851420e-05   -7.9533565588e-20   -3.2943006983e-04    2.9509658159e-19
  40.6000000   -5.3425661528e-05   -3.8442080219e-20   -3.1705954284e-04    3.1502274529e-19
  40.7000000   -3.5478439174e-05   -3.1160287856e-20   -3.0428415031e-04    2.9710515730e-19
  40.8000000   -1.8970103840e-05   -4.3815449003e-21   -2.9095368575e-04    3.1671871599e-19
  40.9000000   -4.1316088192e-06    1.4838478756e-20   -2.7692551681e-04    2.6794539225e-19
  41.0000000    8.8355965501e-06    6.2068438819e-20   -2.6207737246e-04    2.5273800590e-19
  41.1000000    1.9764527811e-05    3.1839760232e-20   -2.4631828741e-04    2.4355592705e-19
  41.2000000    2.8526909545e-05    6.9413523775e-20   -2.2959774873e-04    2.4209085022e-19
  41.3000000    3.5036230779e-05    7.9140688110e-20   -2.1191276247e-04    1.8420066014e-19
  41.4000000    3.9249745386e-05    1.0291960166e-19   -1.9331218709e-04    2.2345403529e-19
  41.5000000    4.1169456422e-05    1.1689380635e-19   -1.7389792993e-04    1.7446393488e-19
  41.6000000    4.0841724790e-05    1.3173784030e-19   -1.5382454615e-04    1.1784088260e-19
  41.7000000    3.8355538098e-05    1.5719706825e-19   -1.3329601500e-04    4.6857446811e-20
  41.8000000    3.3839793086e-05    1.8898866363e-19   -1.1256012205e-04   -2.2886797149e-20
  41.9000000    2.7459496954e-05    1.7096111214e-19   -9.1900823178e-05    1.6078077971e-20
  42.0000000    1.9411050238e-05    1.8344087678e-19   -7.1629429347e-05   -8.4810360915e-20
  42.1000000    9.9168367954e-06    2.1665164586e-19   -5.2074433620e-05   -4.3355644642e-20
  42.2000000   -7.8062689970e-07    2.3130305090e-19   -3.3571322435e-05   -7.0536389425e-20
  42.3000000   -1.2424696967e-05    2.5299363336e-19   -1.6451620535e-05   -1.0564757318e-19
  42.4000000   -2.4750811070e-05    2.2124466295e-19   -1.0326310602e-06   -1.3586015165e-19
  42.5000000   -3.7492411790e-05    2.1079624043e-19    1.2392842894e-05   -1.4056934716e-19
  42.6000000   -5.0386571175e-05    2.2348261601e-19    2.3566012042e-05   -1.0265576925e-19
  42.7000000   -6.3179096506e-05    2.2988856345e-19    3.2269923163e-05   -1.5222227902e-19
  42.8000000   -7.5628946130e-05    2.3649391580e-19    3.8336633489e-05   -2.5183039192e-19
  42.9000000   -8.7511951870e-05    2.0403181861e-19    4.1653212931e-05   -2.5537934091e-19
  43.0000000   -9.8623731028e-05    2.4388253696e-19    4.2165815496e-05   -1.9237863594e-19
  43.1000000   -1.0878176008e-04    2.0473202613e-19    3.9882318939e-05   -1.8407153598e-19
  43.2000000   -1.1782660081e-04    1.7623607181e-19    3.4873477835e-05   -1.3543931274e-19
  43.3000000   -1.2562230817e-04    1.6824697164e-19    2.7272765600e-05   -2.5953572086e-19
  43.4000000   -1.3205616906e-04    1.4042116573e-19    1.7274446056e-05   -1.2668555247e-19
  43.5000000   -1.3703772268e-04    1.3308748046e-19    5.1298619299e-06   -1.8146430309e-19
  43.6000000   -1.4049719100e-04    1.3340270946e-19   -8.8566385273e-06   -2.2476790138e-19
  43.7000000   -1.4238347536e-04    1.1482558713e-19   -2.4333832330e-05   -1.4838330386e-19
  43.8000000   -1.4266182890e-04    8.2792697461e-20   -4.0909534679e-05   -1.0407536817e-19
  43.9000000   -1.4131127301e-04    6.0967449906e-20   -5.8159547282e-05   -8.9774593489e-20
  44.0000000   -1.3832207493e-04    4.0915799930e-20   -7.5634902428e-05   -6.2893857306e-20
  44.1000000   -1.3369332210e-04    3.7918632527e-20   -9.2870752075e-05   -7.9934482773e-20
  44.2000000   -1.2743069453e-04   -3.5530036980e-22   -1.0939570918e-04   -3.6390897974e-21
  44.3000000   -1.1954467162e-04   -3.8889484494e-20   -1.2474049826e-04    3.5944455534e-20
  44.4000000   -1.1004923691e-04   -5.3021262079e-20   -1.3844694779e-04    1.7369455218e-20
  44.5000000   -9.8961090953e-05   -8.2338674597e-20   -1.5007746325e-04    9.4772008576e-20
  44.6000000   -8.6299589166e-05   -8.9766449964e-20   -1.5922303780e-04    8.3610873819e-20
  44.7000000   -7.2087123721e-05   -1.0180997099e-19   -1.6551059082e-04    1.9644076099e-19
  44.8000000   -5.6350250072e-05   -1.3137337596e-19   -1.6861041735e-04    1.5167924786e-19
  44.9000000   -3.9121376357e-05   -1.4371143179e-19   -1.6824341964e-04    1.7401726108e-19
  45.0000000   -2.0440756767e-05   -1.4645916371e-19   -1.6418737728e-04    2.7638134567e-19
  45.1000000   -3.5896891904e-07   -1.7728519414e-19   -1.5628293985e-04    2.5311661840e-19
  45.2000000    2.1060492763e-05   -1.5822514691e-19   -1.4443896620e-04    2.0938238554e-19
  45.3000000    4.3738615672e-05   -1.4879299183e-19   -1.2863745512e-04    2.9357661289e-19
  45.4000000    6.7578324722e-05   -1.5864605246e-19   -1.0893760298e-04    2.2803500998e-19
  45.5000000    9.2462234809e-05   -1.9001540851e-19   -8.5479548479e-05    2.4513984467e-19
  45.6000000    1.1825082427e-04   -2.2536913476e-19   -5.8487000716e-05    2.2219158906e-19
  45.7000000    1.4478100186e-04   -1.9963253899e-19   -2.8268513568e-05    2.2488697091e-19
  45.8000000    1.7186509927e-04   -2.0409700826e-19    4.7822893466e-06    2.0855751614e-19
  45.9000000    1.9929073048e-04   -1.4092015180e-19    4.0188160486e-05    2.2481012236e-19
  46.0000000    2.2682125536e-04   -1.0206437567e-19    7.7391792274e-05    1.9287121781e-19
  46.1000000    2.5419688225e-04   -1.2509694728e-19    1.1576140756e-04    2.1396427844e-19
  46.2000000    2.8113656872e-04   -1.1888934586e-19    1.5459825563e-04    1.8190738418e-19
  46.3000000    3.0734036212e-04   -8.4642453570e-20    1.9314629531e-04    1.4164426268e-19
  46.4000000    3.3249227135e-04   -1.3487499831e-19    2.3060394835e-04    9.5841593418e-20
  46.5000000    3.5626363673e-04   -8.7989568114e-20    2.6613715961e-04    4.6555780375e-20
  46.6000000    3.7831698988e-04   -9.4131684150e-20    2.9889499393e-04    7.3605524720e-20
  46.7000000    3.9831022280e-04   -9.1427217612e-20    3.2802645880e-04    4.1572245390e-20
  46.8000000    4.1590102857e-04   -5.1698503737e-20    3.5269914944e-04    1.9171894697e-20
  46.9000000    4.3075159007e-04   -8.3034647691e-20    3.7211806385e-04    3.7949484363e-21
  47.0000000    4.4253333782e-04   -6.7733036402e-20    3.8554445492e-04   -3.2245528997e-20
  47.1000000    4.5093198917e-04   -5.0288935885e-20    3.9231438692e-04   -5.6088568605e-20
  47.2000000    4.5565242870e-04   -2.2597764099e-20    3.9185588851e-04   -1.3967398401e-19
  47.3000000    4.5642364254e-04   -3.1106641486e-20    3.8370551842e-04   -1.3994639479e-19
  47.4000000    4.5300366882e-04   -2.2357348330e-20    3.6752220825e-04   -1.1360341764e-19
  47.5000000    4.4518434599e-04   -1.0417297165e-20    3.4309923553e-04   -1.2095379993e-19
  47.6000000    4.3279585568e-04   -1.3026198446e-20    3.1037341092e-04   -1.3460476279e-19
  47.7000000    4.1571117486e-04   -3.2311185540e-20    2.6943087047e-04   -1.5957089053e-19
  47.8000000    3.9385001337e-04   -1.7863031799e-20    2.2050981669e-04   -1.4087711929e-19
  47.9000000    3.6718243363e-04   -3.6877651146e-20    1.6400024080e-04   -1.5621063570e-19
  48.0000000    3.3573189577e-04   -1.2511473049e-20    1.0044034901e-04   -1.4650947123e-19
  48.1000000    2.9957777344e-04   -2.8115126749e-20    3.0509761622e-05   -2.0981308140e-19
  48.2000000    2.5885735437e-04   -1.5275633735e-20   -4.4980736043e-05   -1.3376229697e-19
  48.3000000    2.1376679213e-04   -2.1282530120e-20   -1.2510187726e-04   -1.0313861417e-19
  48.4000000    1.6456132818e-04   -2.0998079137e-20   -2.0882171629e-04   -7.9753062082e-20
  48.5000000    1.1155449851e-04   -1.8465070765e-20   -2.9502361013e-04   -1.8486808905e-19
  48.6000000    5.5116361482e-05   -4.6738110278e-20   -3.8252617294e-04   -4.1004867661e-20
  48.7000000   -4.3292272584e-06   -1.9783646651e-20   -4.7010514083e-04   -1.4194976651e-19
  48.8000000   -6.6308612865e-05   -5.6385603835e-20   -5.5651633298e-04   -1.0530278316e-19
  48.9000000   -1.3030312069e-04   -4.2870379279e-20   -6.4051932055e-04   -3.0154513158e-20
  49.0000000   -1.9575502474e-04   -2.9720939545e-20   -7.2090146081e-04    4.4625439654e-20
  49.1000000   -2.6207446377e-04   -2.1515457809e-20   -7.9650198064e-04    3.5144417235e-20
  49.2000000   -3.2864723098e-04   -4.7391153335e-20   -8.6623534524e-04   -9.7009204870e-21
  49.3000000   -3.9484321981e-04   -5.9789860033e-20   -9.2911324792e-04    2.6481812221e-20
  49.4000000   -4.6002546319e-04   -5.8568736795e-20   -9.8426508981e-04    7.9966381449e-20
  49.5000000   -5.2355951983e-04   -4.0127119740e-20   -1.0309563016e-03    6.8231024978e-20
  49.6000000   -5.8482325262e-04   -5.0849517269e-20   -1.0686038669e-03    7.7453731645e-20
  49.7000000   -6.4321650417e-04    1.1029089478e-20   -1.0967892839e-03    6.4438994845e-20
  49.8000000   -6.9817059085e-04   -1.2323282998e-20   -1.1152677688e-03    6.9018481342e-20
  49.9000000   -7.4915745970e-04   -1.7697929539e-20   -1.1239742938e-03    1.1807372611e-19
  50.0000000   -7.9569811166e-04   -4.1416933829e-20   -1.1230258118e-03    6.5268672126e-20
  50.1000000   -8.3737015627e-04    2.0750052577e-20   -1.1127194073e-03    1.8654296049e-19
  50.2000000   -8.7381442176e-04   -1.9713140805e-20   -1.0935263465e-03    7.7723583020e-20
  50.3000000   -9.0474030576e-04    6.9875246086e-21   -1.0660832139e-03    1.0352982346e-19
  50.4000000   -9.2992987738e-04    3.0464397775e-20   -1.0311786739e-03    5.9887259957e-20
  50.5000000   -9.4924061048e-04    1.6990872138e-20   -9.8973726140e-04    1.5121311019e-20
  50.6000000   -9.6260655671e-04    6.6412831386e-20   -9.4280059058e-04    8.2533943071e-20
  50.7000000   -9.7003820845e-04    3.2534745832e-20   -8.9150583114e-04    9.8821558681e-20
  50.8000000   -9.7162095008e-04    4.5111915621e-20   -8.3706273498e-04    3.8782605221e-20
  50.9000000   -9.6751200947e-04    7.1811975041e-20   -7.8072835429e-04    3.5001930820e-20
  51.0000000   -9.5793618099e-04    8.3848390780e-20   -7.2378053173e-04   -1.0587024922e-20
  51.1000000   -9.4318051980e-04    5.6163674310e-20   -6.6749141314e-04   -1.4669456802e-20
  51.2000000   -9.2358801377e-04    7.0122490387e-20   -6.1310088222e-04   -9.4937007751e-20
  51.3000000   -8.9955051910e-04    9.3190995006e-20   -5.6179039137e-04    2.5629961067e-20
  51.4000000   -8.7150111683e-04    8.3986184493e-20   -5.1465853021e-04   -1.1855031734e-20
  51.5000000   -8.3990620559e-04    1.1348541796e-19   -4.7269905340e-04   -1.1804771709e-19
  51.6000000   -8.0525735613e-04    1.0472712660e-19   -4.3677953769e-04   -6.4725256538e-20
  51.7000000   -7.6806337273e-04    1.1746870327e-19   -4.0762328874e-04   -1.8768467370e-19
  51.8000000   -7.2884256835e-04    9.6594589342e-20   -3.8579402587e-04   -1.1814000044e-19
  51.9000000   -6.8811558993e-04    8.6655178808e-20   -3.7168410344e-04   -1.9862724190e-19
  52.0000000   -6.4639882700e-04    1.0228751827e-19   -3.6550623452e-04   -1.4252714272e-19
  52.1000000   -6.0419857064e-04    8.7274179571e-20   -3.6728878376e-04   -1.8257205498e-19
  52.2000000   -5.6200591682e-04    8.4187509082e-20   -3.7687530126e-04   -2.1448893111e-19
  52.3000000   -5.2029245976e-04    1.0222369157e-19   -3.9392847272e-04   -2.0206306768e-19
  52.4000000   -4.7950697935e-04    1.0746371177e-19   -4.1793720410e-04   -1.5093031701e-19
  52.5000000   -4.4007285956e-04    8.7423655107e-20   -4.4822756739e-04   -1.6748301541e-19
  52.6000000   -4.0238625985e-04    8.7086430573e-20   -4.8397737110e-04   -1.5709015434e-19
  52.7000000   -3.6681508564e-04    1.4335688365e-19   -5.2423421453e-04   -1.4046466846e-19
  52.8000000   -3.3369859948e-04    6.1974779675e-20   -5.6793627162e-04   -6.5933996031e-20
  52.9000000   -3.0334743345e-04    5.8106725127e-20   -6.1393534937e-04   -6.9668385253e-20
  53.0000000   -2.7604406685e-04    3.8860811249e-20   -6.6102195834e-04   -1.6638843318e-19
  53.1000000   -2.5204335094e-04    1.2951298156e-20   -7.0795154278e-04   -8.5898643801e-20
  53.2000000   -2.3157309774e-04    6.4651707348e-20   -7.5347122595e-04   -6.8778240628e-20
  53.3000000   -2.1483467474e-04    4.2163198630e-20   -7.9634703227e-04   -6.7609007953e-21
  53.4000000   -2.0200311144e-04    3.6513982502e-20   -8.3539016978e-04   -2.4622778553e-20
  53.5000000   -1.9322690861e-04   -2.8313819658e-21   -8.6948195370e-04   -1.4458669443e-20
  53.6000000   -1.8862745169e-04   -5.6719014285e-21   -8.9759663519e-04    1.5863387069e-20
  53.7000000   -1.8829787882e-04   -4.4190256926e-20   -9.1882250782e-04    7.1350669634e-20
  53.8000000   -1.9230138474e-04   -8.2224320369e-20   -9.3237975372e-04   -3.1966026464e-20
  53.9000000   -2.0066897199e-04   -4.6881204298e-20   -9.3763518977e-04    2.7924239494e-20
  54.0000000   -2.1339669474e-04   -7.7839090995e-20   -9.3411364775e-04    9.0241525877e-20
  54.1000000   -2.3044257313e-04   -6.7541258617e-20   -9.2150532104e-04    1.5384311296e-19
  54.2000000   -2.5172327919e-04   -9.2372279882e-20   -8.9966954254e-04    1.5281309873e-19
  54.3000000   -2.7711074170e-04   -1.2689940791e-19   -8.6863444571e-04    8.5846339820e-20
  54.4000000   -3.0642885531e-04   -1.4923539392e-19   -8.2859336978e-04    1.1282663409e-19
  54.5000000   -3.3945054863e-04   -1.2525705562e-19   -7.7989793090e-04    3.5796839629e-19
  54.6000000   -3.7589540243e-04   -1.0953831312e-19   -7.2304791394e-04    1.6138338169e-19
  54.7000000   -4.1542806176e-04   -1.2945664937e-19   -6.5867894804e-04    1.7361065624e-19
  54.8000000   -4.5765752475e-04   -1.0982371237e-19   -5.8754738863e-04    3.1762259534e-19
  54.9000000   -5.0213768942e-04   -1.6365147889e-19   -5.1051459234e-04    1.2383797060e-19
  55.0000000   -5.4836914434e-04   -1.9779413522e-19   -4.2852974531e-04    2.0199079270e-19
  55.1000000   -5.9580222065e-04   -1.2686197780e-19   -3.4261116569e-04    1.6093624010e-19
  55.2000000   -6.4384156823e-04   -1.2801779023e-19   -2.5382797223e-04    1.7857326638e-19
  55.3000000   -6.9185213821e-04   -1.3601543158e-19   -1.6328236991e-04    1.6761065216e-19
  55.4000000   -7.3916654939e-04   -1.5446442147e-19   -7.2090534265e-05    1.4130060283e-19
  55.5000000   -7.8509367860e-04   -1.7742284022e-19    1.8634314663e-05    3.8626850569e-20
  55.6000000   -8.2892842014e-04   -1.6311156612e-19    1.0779571378e-04    4.4102379900e-20
  55.7000000   -8.6996247402e-04   -1.4742427872e-19    1.9433024909e-04    3.2324447792e-20
  55.8000000   -9.0749569974e-04   -1.3670841961e-19    2.7722215517e-04    9.7702531858e-21
  55.9000000   -9.4084791962e-04   -7.7998610364e-20    3.5551365272e-04   -2.0080861735e-20
  56.0000000   -9.6937092502e-04   -9.4477252211e-20    4.2831604122e-04   -9.0758118439e-20
  56.1000000   -9.9246036536e-04   -8.8914522696e-20    4.9481863216e-04   -1.3046956272e-19
  56.2000000   -1.0095672755e-03   -2.7363218294e-20    5.5429671761e-04   -9.7448905203e-20
  56.3000000   -1.0202088432e-03   -7.1333955264e-20    6.0611862589e-04   -1.9420876305e-19
  56.4000000   -1.0239783575e-03   -2.4651888455e-20    6.4975035440e-04   -1.8428394055e-19
  56.5000000   -1.0205540648e-03   -1.1130143407e-20    6.8475978168e-04   -1.5541910871e-19
  56.6000000   -1.0097067266e-03    4.4816412049e-20    7.1081922426e-04   -2.1093653064e-19
  56.7000000   -9.9130564914e-04    8.3724756436e-20    7.2770699912e-04   -1.8772056885e-19
  56.8000000   -9.6532325610e-04    1.1601243454e-19    7.3530805003e-04   -2.0680242858e-19
  56.9000000   -9.3183784666e-04    9.4678696064e-20    7.3361354722e-04   -2.2243202973e-19
  57.0000000   -8.9103458282e-04    1.3758141475e-19    7.2271931452e-04   -1.9814301706e-19
  57.1000000   -8.4320484614e-04    1.9374113976e-19    7.0282392462e-04   -2.4999109043e-19
  57.2000000   -7.8874376458e-04    1.7901435661e-19    6.7422562397e-04   -2.6650154828e-19
  57.3000000   -7.2814602982e-04    2.3617640533e-19    6.3731842415e-04   -1.8848702640e-19
  57.4000000   -6.6200007871e-04    1.6938850734e-19    5.9258745690e-04   -2.4545550571e-19
  57.5000000   -5.9098067063e-04    2.6507333256e-19    5.4060476646e-04   -3.1949425040e-19
  57.6000000   -5.1584008441e-04    2.4499023858e-19    4.8202337210e-04   -7.2986813144e-20
  57.7000000   -4.3739792601e-04    2.5815772644e-19    4.1757046318e-04   -2.1108342450e-19
  57.8000000   -3.5652988884e-04    2.3829291832e-19    3.4804040206e-04   -1.3581775521e-19
  57.9000000   -2.7415563465e-04    2.5252841197e-19    2.7428652831e-04   -1.7875267617e-19
  58.0000000   -1.9122583696e-04    2.5479665934e-19    1.9721275132e-04   -9.8373580204e-20
  58.1000000   -1.0870868158e-04    2.7356056939e-19    1.1776453398e-04    2.7563596943e-22
  58.2000000   -2.7576144738e-05    2.8402809668e-19    3.6919326387e-05   -3.2223672347e-20
  58.3000000    5.1209856868e-05    2.5885706676e-19   -4.4323695120e-05    1.8167541531e-20
  58.4000000    1.2671120238e-04    2.4775555861e-19   -1.2495427480e-04   -5.3602638417e-20
  58.5000000    1.9802694724e-04    2.0136916605e-19   -2.0396224364e-04    2.5499009687e-20
  58.6000000    2.6430619778e-04    1.9038960524e-19   -2.8034947808e-04    1.2602211835e-19
  58.7000000    3.2476016061e-04    1.7275793010e-19   -3.5314124516e-04    5.5994766619e-20
  58.8000000    3.7867331097e-04    1.3922672393e-19   -4.2139820200e-04    7.4071558541e-20
  58.9000000    4.2541341960e-04    1.2986502716e-19   -4.8422819765e-04    2.8345150443e-20
  59.0000000    4.6444041595e-04    1.1467594883e-19   -5.4079808519e-04    1.9615337693e-19
  59.1000000    4.9531394714e-04    6.0518192314e-20   -5.9034469622e-04    2.0381499814e-19
  59.2000000    5.1769944192e-04    1.4917246193e-20   -6.3218521184e-04    1.8198485589e-19
  59.3000000    5.3137271122e-04    3.2244344278e-20   -6.6572662062e-04    1.7423078077e-19
  59.4000000    5.3622313741e-04   -4.8831460852e-20   -6.9047478458e-04    1.6413993090e-19
  59.5000000    5.3225532215e-04   -4.5801488571e-20   -7.0604132576e-04    1.5568148420e-19
  59.6000000    5.1958929928e-04   -1.1890878651e-19   -7.1214931753e-04    2.2448322005e-19
  59.7000000    4.9845917115e-04   -1.3206529216e-19   -7.0863777537e-04    1.1854495720e-19
  59.8000000    4.6921032104e-04   -1.5512133501e-19   -6.9546418111e-04    1.7211082879e-19
  59.9000000    4.3229534245e-04   -1.6794542507e-19   -6.7270553531e-04    1.7373171073e-19
  60.0000000    3.8826862703e-04   -2.1626978583e-19   -6.4055756858e-04    1.9783579239e-19
  60.1000000    3.3777962282e-04   -2.8315670092e-19   -5.9933219846e-04    1.1580652013e-19
  60.2000000    2.8156501325e-04   -2.2098814944e-19   -5.4945358750e-04    2.4247663751e-19
  60.3000000    2.2043978611e-04   -2.5596937941e-19   -4.9145283196e-04    1.4259240449e-19
  60.4000000    1.5528717987e-04   -3.1259137491e-19   -4.2596099148e-04    8.6336237333e-20
  60.5000000    8.7047822792e-05   -3.0712851660e-19   -3.5370131406e-04    1.9197434072e-19
  60.6000000    1.6707973470e-05   -3.0335038976e-19   -2.7548010054e-04    3.5289027425e-20
  60.7000000   -5.4713025938e-05   -3.3106392736e-19   -1.9217690421e-04    1.0075016127e-19
  60.8000000   -1.2617595335e-04   -3.4795467948e-19   -1.0473423798e-04    6.1215964034e-20
  60.9000000   -1.9663544673e-04   -3.1738903338e-19   -1.4146834837e-05    5.3413714443e-20
  61.0000000   -2.6505413153e-04   -2.7803785956e-19    7.8549786879e-05   -5.0321676394e-20
  61.1000000   -3.3041700056e-04   -2.8160229191e-19    1.7229072545e-04   -1.6980061234e-20
  61.2000000   -3.9174576985e-04   -2.9757957120e-19    2.6599263934e-04   -4.4656586567e-20
  61.3000000   -4.4811306741e-04   -2.8016029897e-19    3.5856520254e-04   -1.6331217560e-20
  61.4000000   -4.9865627343e-04   -2.4346062257e-19    4.4892213388e-04   -3.6885380305e-20
  61.5000000   -5.4259065183e-04   -2.2269153580e-19    5.3599159958e-04   -2.2210163592e-20
  61.6000000   -5.7922174623e-04   -2.0048109374e-19    6.1872657853e-04   -1.1059904970e-19
  61.7000000   -6.0795659565e-04   -1.6903535282e-19    6.9611503401e-04   -1.1968594425e-19
  61.8000000   -6.2831356994e-04   -1.2252139847e-19    7.6718942663e-04   -8.2405742771e-20
  61.9000000   -6.3993069648e-04   -1.1620061131e-19    8.3103574139e-04   -1.2616413156e-19
  62.0000000   -6.4257223864e-04   -8.8713841790e-20    8.8680184635e-04   -7.8537328109e-20
  62.1000000   -6.3613323553e-04    2.2634989522e-20    9.3370569476e-04   -1.1111441520e-19
  62.2000000   -6.2064192858e-04   -3.6406384253e-20    9.7104301543e-04   -1.4328036771e-19
  62.3000000   -5.9626002980e-04    6.8109066262e-20    9.9819421262e-04   -1.4411666608e-19
  62.4000000   -5.6328086634e-04    3.3678327832e-20    1.0146312341e-03   -9.3251288790e-20
  62.5000000   -5.2212521710e-04    9.8214228436e-20    1.0199233144e-03   -1.3598730973e-19
  62.6000000   -4.7333499138e-04    6.9619771042e-20    1.0137427410e-03   -1.3865418557e-19
  62.7000000   -4.1756484836e-04    2.5054532953e-19    9.9586985393e-04   -1.2014782176e-19
  62.8000000   -3.5557195994e-04    2.2647370747e-19    9.6619762859e-04   -8.3119833636e-20
  62.9000000   -2.8820403891e-04    1.9307824619e-19    9.2473598376e-04   -5.1009424023e-20
  63.0000000   -2.1638585215e-04    2.3716844387e-19    8.7161498439e-04   -2.5280463705e-20
  63.1000000   -1.4110451631e-04    1.9222693072e-19    8.0708691931e-04   -2.9508664310e-20
  63.2000000   -6.3393965438e-05    1.9082775806e-19    7.3152773527e-04   -6.3298087742e-20
  63.3000000    1.5681312095e-05    2.8059987333e-19    6.4543746969e-04   -2.8385806300e-20
  63.4000000    9.5042793918e-05    2.6990335772e-19    5.4943924094e-04   -1.1506306607e-20
  63.5000000    1.7361452887e-04    2.5995729018e-19    4.4427695204e-04   -2.2188861602e-20
  63.6000000    2.5033938373e-04    2.3675961822e-19    3.3081136142e-04   -7.5317369594e-21
  63.7000000    3.2419480296e-04    2.4931864457e-19    2.1001450040e-04   -3.4170751508e-20
  63.8000000    3.9420765801e-04    2.6382267769e-19    8.2961922979e-05    5.4766011822e-20
  63.9000000    4.5946812610e-04    2.9274213206e-19   -4.9176415592e-05    1.1538771408e-19
  64.0000000    5.1914233210e-04    2.1035367313e-19   -1.8514750224e-04    6.1621148993e-20
  64.1000000    5.7248353265e-04    1.9254097738e-19   -3.2362763282e-04    3.6715729181e-20
  64.2000000    6.1884168181e-04    1.6593728736e-19   -4.6323739934e-04    5.9741048362e-20
  64.3000000    6.5767148727e-04    1.9217377087e-19   -6.0255797124e-04    2.7777949920e-20
  64.4000000    6.8853870879e-04    1.5431340669e-19   -7.4014766572e-04    8.0415062346e-20
  64.5000000    7.1112475095e-04    1.0313509057e-19   -8.7456014967e-04    1.4274143844e-19
  64.6000000    7.2522952426e-04    1.6239382842e-19   -1.0043636842e-03    1.1117812244e-19
  64.7000000    7.3077262429e-04    7.3545156188e-20   -1.1281607204e-03    9.5840499780e-20
  64.8000000    7.2779293857e-04    3.5368384235e-20   -1.2446067112e-03    1.1178755644e-19
  64.9000000    7.1644648519e-04    2.0567101799e-20   -1.3524286208e-03    7.1886522861e-20
  65.0000000    6.9700284197e-04   -2.8165177811e-20   -1.4504431346e-03    1.0933282040e-19
  65.1000000    6.6984005913e-04    1.8918399581e-21   -1.5375740123e-03    1.1423842349e-19
  65.2000000    6.3543816570e-04   -2.8983390561e-20   -1.6128674981e-03    1.1447671773e-19
  65.3000000    5.9437152078e-04   -4.5686206777e-20   -1.6755063762e-03    1.6139549505e-19
  65.4000000    5.4730007150e-04   -1.5433906940e-19   -1.7248222843e-03    1.3275030335e-19
  65.5000000    4.9495960581e-04   -1.5615586503e-19   -1.7603062407e-03    3.3349215974e-20
  65.6000000    4.3815121701e-04   -1.4831075962e-19   -1.7816168001e-03    6.1367297870e-20
  65.7000000    3.7773000254e-04   -1.9869743365e-19   -1.7885853985e-03    1.3433387134e-19
  65.8000000    3.1459324909e-04   -1.9687497427e-19   -1.7812206724e-03    4.4737141749e-20
  65.9000000    2.4966838388e-04   -2.0822140861e-19   -1.7597086825e-03    5.5896374430e-20
  66.0000000    1.8390055357e-04   -2.7068566547e-19   -1.7244115716e-03    4.6672062009e-20
  66.1000000    1.1824021490e-04   -2.0674113041e-19   -1.6758640117e-03    3.9677707307e-20
  66.2000000    5.3630826610e-05   -2.4060111874e-19   -1.6147666838e-03    2.6585705318e-20
  66.3000000   -9.0032224651e-06   -2.4135409830e-19   -1.5419776324e-03    2.4484656981e-20
  66.4000000   -6.8768209397e-05   -2.3506810973e-19   -1.4585011092e-03    3.6661262653e-20
  66.5000000   -1.2481209874e-04   -2.7747019303e-19   -1.3654738880e-03   -4.2978225398e-20
  66.6000000   -1.7633487664e-04   -2.5627130880e-19   -1.2641499063e-03   -8.0987640125e-20
  66.7000000   -2.2259796274e-04   -2.6305165266e-19   -1.1558831036e-03   -1.9985891222e-20
  66.8000000   -2.6293265072e-04   -2.8968374611e-19   -1.0421065769e-03   -1.1051282141e-19
  66.9000000   -2.9674767255e-04   -2.2409734919e-19   -9.2431342185e-04   -1.6689282961e-19
  67.0000000   -3.2353571069e-04   -2.2838230775e-19   -8.0403419512e-04   -1.0731951868e-19
  67.1000000   -3.4287859171e-04   -2.1184785669e-19   -6.8281421059e-04   -1.1729967711e-19
  67.2000000   -3.5445134303e-04   -2.7494577599e-19   -5.6219114635e-04   -9.9066609748e-20
  67.3000000   -3.5802521674e-04   -1.5406816512e-19   -4.4367256719e-04   -2.0639880058e-19
  67.4000000   -3.5346953165e-04   -2.7256474999e-19   -3.2871307434e-04   -1.9605186961e-19
  67.5000000   -3.4075223295e-04   -1.6942316255e-19   -2.1869294009e-04   -1.1446394483e-19
  67.6000000   -3.1993932188e-04   -1.5771819506e-19   -1.1489947089e-04   -1.3305726598e-19
  67.7000000   -2.9119338924e-04   -1.1349452324e-19   -1.8508718973e-05   -1.2176454008e-19
  67.8000000   -2.5477097786e-04   -9.1280582063e-20    6.9429771080e-05   -2.3440910426e-19
  67.9000000   -2.1101891008e-04   -7.8429579525e-20    1.4800600836e-04   -1.8213016845e-19
  68.0000000   -1.6036973124e-04   -6.7210596501e-20    2.1646016544e-04   -2.0140631883e-19
  68.1000000   -1.0333620729e-04   -4.8394836361e-20    2.7419022515e-04   -8.2712889262e-20
  68.2000000   -4.0504917542e-05   -2.8610098385e-20    3.2075705320e-04   -1.8872679610e-19
  68.3000000    2.7470821575e-05    8.6755262814e-20    3.5588679081e-04   -1.3526032581e-19
  68.4000000    9.9878810498e-05   -6.5323669338e-21    3.7947089238e-04   -1.2086935885e-20
  68.5000000    1.7595646373e-04    9.4161190381e-20    3.9156354143e-04   -6.6972728000e-20
  68.6000000    2.5489985301e-04    1.6840796116e-19    3.9237692903e-04   -1.1639005350e-19
  68.7000000    3.3587315541e-04    5.7045654976e-20    3.8227447567e-04   -7.8563494683e-20
  68.8000000    4.1801846270e-04    1.4850840993e-19    3.6176299285e-04   -6.6494461082e-20
  68.9000000    5.0046581450e-04    1.0711716338e-19    3.3148299386e-04    2.3933980081e-20
  69.0000000    5.8234318172e-04    1.5527849824e-19    2.9219778355e-04   -1.1016570583e-19
  69.1000000    6.6278644216e-04    1.5070254134e-19    2.4478177334e-04    3.0606740611e-20
  69.2000000    7.4094910298e-04    1.5366936741e-19    1.9020753931e-04    4.6739068570e-20
  69.3000000    8.1601168922e-04    1.6542392285e-19    1.2953236641e-04    4.3390197492e-20
  69.4000000    8.8719060755e-04    2.3630082985e-19    6.3883924998e-05    9.1342604804e-20
  69.5000000    9.5374640280e-04    2.0884830050e-19   -5.5546607680e-06    3.4678080766e-20
  69.6000000    1.0149912765e-03    1.6336564913e-19   -7.7560440410e-05    1.1098141536e-20
  69.7000000    1.0702958602e-03    2.2408349894e-19   -1.5088666591e-04    1.0470823172e-19
  69.8000000    1.1190950413e-03    2.1101392861e-19   -2.2427941526e-04    1.4299546546e-19
  69.9000000    1.1608928750e-03    1.0601960514e-19   -2.9649469244e-04    7.1202576918e-20
  70.0000000    1.1952664791e-03    1.8031364753e-19   -3.6631564327e-04    1.3554910434e-19
  70.1000000    1.2218689430e-03    1.9925742110e-19   -4.3256994308e-04    8.0744314080e-20
  70.2000000    1.2404312250e-03    1.2653536673e-19   -4.9414766454e-04    1.2283731670e-19
  70.3000000    1.2507630032e-03    1.6469929000e-19   -5.5001815647e-04    1.3421538928e-19
  70.4000000    1.2527527208e-03    7.2146409507e-20   -5.9924688638e-04    1.4854763171e-19
  70.5000000    1.2463667092e-03    1.9565777767e-19   -6.4101116522e-04    9.5857320614e-20
  70.6000000    1.2316473712e-03    1.1861519787e-19   -6.7461475362e-04    1.7224533754e-19
  70.7000000    1.2087106420e-03    1.1404585863e-19   -6.9950101014e-04    1.8305489852e-19
  70.8000000    1.1777427258e-03    4.4562167892e-20   -7.1526444263e-04    1.3117631120e-19
  70.9000000    1.1389962171e-03    2.4287903340e-20   -7.2166007737e-04    1.3823182945e-19
  71.0000000    1.0927856948e-03    6.7817157775e-20   -7.1861020988e-04    1.4749434313e-19
  71.1000000    1.0394829019e-03   -4.1676145211e-20   -7.0620871932e-04    1.5090890055e-19
  71.2000000    9.7951148596e-04   -4.6127601652e-21   -6.8472244376e-04    7.0436351646e-20
  71.3000000    9.1334148402e-04    9.0369236656e-22   -6.5458946325e-04    1.3287846702e-19
  71.4000000    8.4148366503e-04   -3.7355886490e-20   -6.1641449681e-04    1.0930320075e-19
  71.5000000    7.6448383794e-04   -7.6831164423e-20   -5.7096173749e-04    1.4567946767e-19
  71.6000000    6.8291705585e-04   -9.5056374369e-20   -5.1914332430e-04    8.4560857000e-20
  71.7000000    5.9738196518e-04   -7.1699254519e-20   -4.6200416330e-04    1.5140884796e-20
  71.8000000    5.0849527906e-04   -7.1132579786e-20   -4.0070511232e-04    5.6644566987e-21
  71.9000000    4.1688645594e-04   -1.9944967178e-20   -3.3650312693e-04   -1.2087037278e-19
  72.0000000    3.2319260831e-04   -8.0166331382e-20   -2.7072867774e-04    2.4399545781e-20
  72.1000000    2.2805374473e-04   -2.8557429129e-20   -2.0476140470e-04   -1.1199147188e-19
  72.2000000    1.3210833036e-04   -7.2471707902e-20   -1.4000408276e-04    4.7842838658e-20
  72.3000000    3.5989109635e-05   -3.6751033144e-21   -7.7855209220e-05    3.1771104466e-21
  72.4000000   -5.9680705717e-05    8.4273990583e-21   -1.9681518300e-05   -3.7352598743e-20
  72.5000000   -1.5429083379e-04   -7.5897212381e-20    3.3209428426e-05   -1.3181591617e-19
  72.6000000   -2.4724700904e-04   -2.8969404708e-20    7.9596586949e-05   -1.6260974742e-19
  72.7000000   -3.3797377949e-04    1.0827491624e-19    1.1837111026e-04   -1.4927935554e-19
  72.8000000   -4.2591693827e-04   -4.7959914121e-21    1.4855975535e-04   -1.0854289846e-19
  72.9000000   -5.1054572183e-04   -1.8712804495e-20    1.6934604142e-04   -1.8502011168e-19
  73.0000000   -5.9135477737e-04    2.9405114550e-20    1.8008939431e-04   -6.8181324467e-20
  73.1000000   -6.6786581645e-04    1.9333215367e-19    1.8033940961e-04   -1.4549493739e-19
  73.2000000   -7.3962921729e-04    1.1378877422e-19    1.6984670027e-04   -2.4080886112e-19
  73.3000000   -8.0622543191e-04    1.3629520346e-19    1.4856980087e-04   -6.3393702160e-20
  73.4000000   -8.6726632085e-04    1.6953250806e-19    1.1667741902e-04   -1.2590749325e-19
  73.5000000   -9.2239640745e-04    1.3286151502e-19    7.4546996138e-05   -1.1933145270e-19
  73.6000000   -9.7129404809e-04    1.1924145761e-19    2.2758622369e-05   -2.2190744422e-19
  73.7000000   -1.0136726559e-03    6.1098704107e-20   -3.7915383622e-05   -1.1695629291e-19
  73.8000000   -1.0492819548e-03    1.7289609572e-19   -1.0652406723e-04   -1.5668224916e-19
  73.9000000   -1.0779092271e-03    1.9108594973e-19   -1.8195542524e-04   -1.6055567651e-19
  74.0000000   -1.0993806487e-03    1.1448913332e-19   -2.6295683334e-04   -1.2515294476e-19
  74.1000000   -1.1135626885e-03    2.3798625047e-19   -3.4815777473e-04   -9.9792709951e-20
  74.2000000   -1.1203634884e-03    1.8993680613e-19   -4.3609471664e-04   -5.2912709278e-20
  74.3000000   -1.1197343032e-03    1.7242585119e-19   -5.2523761097e-04   -1.3305012740e-19
  74.4000000   -1.1116710020e-03    1.3559887023e-19   -6.1401760718e-04   -1.1661387837e-20
  74.5000000   -1.0962155307e-03    8.7920850104e-20   -7.0085476330e-04   -3.9114565963e-20
  74.6000000   -1.0734572114e-03    5.2594225462e-20   -7.8418563109e-04   -4.3419280235e-20
  74.7000000   -1.0435339546e-03   -1.9766327259e-20   -8.6249055939e-04   -7.7113299340e-20
  74.8000000   -1.0066332508e-03    1.7694085134e-20   -9.3431992774e-04   -2.2004516133e-20
  74.9000000   -9.6299292060e-04   -1.0136618700e-19   -9.9831880908e-04    4.0934054366e-21
  75.0000000   -9.1290147501e-04   -4.2038186934e-20   -1.0532496412e-03    1.1217295727e-19
  75.1000000   -8.5669815317e-04   -5.9529086433e-20   -1.0980129661e-03   -1.0602102302e-20
  75.2000000   -7.9477241621e-04   -1.1648877215e-19   -1.1316648743e-03    9.9711425696e-20
  75.3000000   -7.2756296235e-04   -2.5227270999e-19   -1.1534322537e-03    1.8926317423e-19
  75.4000000   -6.5555620421e-04   -1.9358926961e-19   -1.1627251037e-03    6.9849789356e-20
  75.5000000   -5.7928416534e-04   -2.6620796553e-19   -1.1591457648e-03    1.1951842111e-19
  75.6000000   -4.9932177860e-04   -2.8301341352e-19   -1.1424945520e-03    2.0296699910e-19
  75.7000000   -4.1628354073e-04   -2.5312558793e-19   -1.1127719840e-03    1.4090031328e-19
  75.8000000   -3.3081972523e-04   -3.5507008158e-19   -1.0701778987e-03    1.3624986157e-19
  75.9000000   -2.4361188570e-04   -4.0429443923e-19   -1.0151069690e-03    1.3615032147e-19
  76.0000000   -1.5536777775e-04   -4.1191649443e-19   -9.4814109889e-04    2.3111026280e-19
  76.1000000   -6.6815881317e-05   -4.1576714297e-19   -8.7003904424e-04    2.5923951541e-19
  76.2000000    2.1300490427e-05   -4.4817813775e-19   -7.8172221842e-04    2.4893896456e-19
  76.3000000    1.0822959307e-04   -4.4347569211e-19   -6.8425863583e-04    2.2708262682e-19
  76.4000000    1.9321787337e-04   -3.9662531096e-19   -5.7884448912e-04    1.4936759759e-19
  76.5000000    2.7551673488e-04   -4.8372516837e-19   -4.6678405460e-04    2.5743343564e-19
  76.6000000    3.5438973191e-04   -3.9195913944e-19   -3.4946826956e-04    2.6114275215e-19
  76.7000000    4.2911971294e-04   -3.3893655242e-19   -2.2835194041e-04    3.0876761320e-19
  76.8000000    4.9901590650e-04   -3.8416074431e-19   -1.0493056537e-04    1.7405204660e-19
  76.9000000    5.6342107787e-04   -3.4390261279e-19    1.9282548184e-05    1.3882533263e-19
  77.0000000    6.2171854626e-04   -2.6745621060e-19    1.4277864786e-04    1.6357167190e-19
  77.1000000    6.7333890981e-04   -2.6526935674e-19    2.6407548552e-04    1.4847374486e-19
  77.2000000    7.1776655786e-04   -2.0021059763e-19    3.8173755832e-04    2.0637663042e-19
  77.3000000    7.5454584997e-04   -1.4082587960e-19    4.9439480793e-04    2.6353084468e-19
  77.4000000    7.8328688235e-04   -7.4060279292e-20    6.0075946697e-04    2.3399570312e-19
  77.5000000    8.0367071713e-04   -3.8488136756e-20    6.9964013740e-04    1.1560548341e-19
  77.6000000    8.1545416722e-04    1.6638835464e-20    7.8995428588e-04    7.8971961394e-20
  77.7000000    8.1847396959e-04    7.9243673779e-20    8.7073854600e-04    1.1951026434e-19
  77.8000000    8.1265026828e-04    1.7278552683e-19    9.4115673877e-04    1.4879670037e-19
  77.9000000    7.9798940977e-04    2.8547268243e-19    1.0005052566e-03    4.7004293070e-20
  78.0000000    7.7458604217e-04    2.6902435616e-19    1.0482171141e-03   -2.6334972243e-20
  78.1000000    7.4262437342e-04    3.3364489112e-19    1.0838632608e-03    4.0992176234e-20
  78.2000000    7.0237860179e-04    2.9851340410e-19    1.1071521778e-03    1.4613336908e-20
  78.3000000    6.5421246027e-04    4.2216959585e-19    1.1179284837e-03   -2.2779316068e-20
  78.4000000    5.9857784219e-04    4.6797153180e-19    1.1161703219e-03    4.2892095925e-23
  78.5000000    5.3601257403e-04    4.6935404829e-19    1.1019851356e-03   -4.2230633852e-20
  78.6000000    4.6713723677e-04    5.9948728263e-19    1.0756044960e-03    5.7602502621e-20
  78.7000000    3.9265093218e-04    6.1349929728e-19    1.0373786989e-03   -5.5682876978e-20
  78.8000000    3.1332611700e-04    5.6944955683e-19    9.8777057656e-04   -1.1012450236e-19
  78.9000000    2.3000252198e-04    5.8878419552e-19    9.2734890531e-04   -8.3091890129e-20
  79.0000000    1.4358010693e-04    5.7904442821e-19    8.5678155702e-04   -1.4257342983e-20
  79.1000000    5.5011124309e-05    6.0179559564e-19    7.7682834917e-04   -5.4905142953e-20
  79.2000000   -3.4708718283e-05    6.2359274764e-19    6.8833380839e-04   -1.6907246884e-19
  79.3000000   -1.2454990440e-04    5.3253635368e-19    5.9221974340e-04   -2.4655629564e-20
  79.4000000   -2.1345951355e-04    5.6550027068e-19    4.8947749522e-04   -1.0249783053e-19
  79.5000000   -3.0037226135e-04    5.2615247376e-19    3.8116015516e-04   -6.4839927351e-20
  79.6000000   -3.8422217974e-04    4.8572309476e-19    2.6837446468e-04   -1.2066452108e-19
  79.7000000   -4.6395471839e-04    4.3699262277e-19    1.5227256629e-04    2.1804230768e-20
  79.8000000   -5.3853918540e-04    3.5001562711e-19    3.4043421750e-05   -6.4914946204e-20
  79.9000000   -6.0698141056e-04    2.7181992258e-19   -8.5096115478e-05   -1.5156594535e-19
  80.0000000   -6.6833649964e-04    2.1667941719e-19   -2.0391064463e-04   -9.4683072079e-20
  80.1000000   -7.2172148486e-04    1.5040510102e-19   -3.2115611492e-04   -1.2382782287e-19
  80.2000000   -7.6632772535e-04    4.6763488805e-20   -4.3558998742e-04   -1.5427090198e-19
  80.3000000   -8.0143284068e-04   -4.7325470670e-22   -5.4598159961e-04   -5.9712760443e-20
  80.4000000   -8.2641205150e-04   -1.1190273788e-19   -6.5112286381e-04   -1.1115906694e-19
  80.5000000   -8.4074886613e-04   -1.7790038581e-19   -7.4983947098e-04   -7.4978453853e-20
  80.6000000   -8.4404480354e-04   -1.9779269367e-19   -8.4100188058e-04   -1.7868599468e-19
  80.7000000   -8.3602804946e-04   -2.5785321576e-19   -9.2353631937e-04   -1.2903725568e-19
  80.8000000   -8.1656084001e-04   -3.4634612559e-19   -9.9643600945e-04   -1.9879860431e-19
  80.9000000   -7.8564547311e-04   -4.6678378712e-19   -1.0587719436e-03   -3.9066484243e-20
  81.0000000   -7.4342882692e-04   -4.2213329321e-19   -1.1097031928e-03   -1.0174423156e-19
  81.1000000   -6.9020517766e-04   -5.0875038562e-19   -1.1484872309e-03   -1.4711723776e-19
  81.2000000   -6.2641731982e-04   -5.0600090403e-19   -1.1744895468e-03   -3.5097804643e-20
  81.3000000   -5.5265575626e-04   -6.2876053721e-19   -1.1871923678e-03   -1.4752548430e-19
  81.4000000   -4.6965594466e-04   -6.2514826948e-19   -1.1862029424e-03   -8.3417169790e-20
  81.5000000   -3.7829365882e-04   -6.8043541821e-19   -1.1712607278e-03   -1.2379815591e-19
  81.6000000   -2.7957829703e-04   -6.6556049594e-19   -1.1422431642e-03   -5.9277413161e-20
  81.7000000   -1.7464415238e-04   -6.1312896653e-19   -1.0991705524e-03   -1.2773876531e-19
  81.8000000   -6.4739786913e-05   -6.6265924646e-19   -1.0422097614e-03   -5.8875104190e-20
  81.9000000    4.8784487570e-05   -6.3546410075e-19   -9.7167642400e-04   -6.5858808488e-20
  82.0000000    1.6449096436e-04   -6.6467272825e-19   -8.8803574418e-04   -1.3090998239e-19
  82.1000000    2.8087042612e-04   -6.2047680318e-19   -7.9190150643e-04   -5.9238082183e-20
  82.2000000    3.9635956525e-04   -4.8765858043e-19   -6.8403348569e-04   -5.2856029736e-20
  82.3000000    5.0935966150e-04   -5.0350188656e-19   -5.6533303069e-04   -6.1757485235e-20
  82.4000000    6.1825626694e-04   -4.8636022408e-19   -4.3683678688e-04    1.3013687853e-20
  82.5000000    7.2143965746e-04   -3.9551266136e-19   -2.9970853812e-04   -9.5653825539e-20
  82.6000000    8.1732574961e-04   -2.3479613284e-19   -1.5522880679e-04   -1.1303672589e-19
  82.7000000    9.0437716529e-04   -2.7082748415e-19   -4.7823517793e-06   -1.1396739811e-20
  82.8000000    9.8112420849e-04   -1.4234562463e-19    1.5015605131e-04    1.8143427813e-20
  82.9000000    1.0461855138e-03   -1.6308743104e-19    3.0803769366e-04   -1.2178750716e-20
  83.0000000    1.0982879127e-03   -1.1059479072e-20    4.6725780059e-04    2.2404709387e-20
  83.1000000    1.1362853779e-03    5.0003166361e-20    6.2617490724e-04   -3.9798837700e-20
  83.2000000    1.1591766675e-03    1.2749410666e-19    7.8313147161e-04    1.0488940729e-20
  83.3000000    1.1661214851e-03    1.9348666645e-19    9.3647584096e-04   -2.6171106577e-20
  83.4000000    1.1564548660e-03    2.3390145983e-19    1.0845847271e-03    1.6394986689e-20
  83.5000000    1.1296995794e-03    2.9379880517e-19    1.2258862341e-03   -2.0830339024e-20
  83.6000000    1.0855764438e-03    3.8798985448e-19    1.3588828203e-03    2.7766693534e-22
  83.7000000    1.0240123905e-03    3.8454203512e-19    1.4821738509e-03   -7.1124510879e-20
  83.8000000    9.4514610114e-04    4.4847320590e-19    1.5944772833e-03    3.3625078344e-20
  83.9000000    8.4933105906e-04    5.3205254201e-19    1.6946501110e-03    1.2118142957e-21
  84.0000000    7.3713611845e-04    5.5481253906e-19    1.7817070850e-03   -1.0301595417e-20
  84.1000000    6.0934343314e-04    5.8971974319e-19    1.8548372782e-03    1.8739298802e-20
  84.2000000    4.6694368297e-04    6.2473142645e-19    1.9134180484e-03   -3.2770741855e-20
  84.3000000    3.1112878593e-04    6.8749147108e-19    1.9570263513e-03    1.3576331663e-20
  84.4000000    1.4328196486e-04    6.3376392696e-19    1.9854464534e-03    4.5675337718e-20
  84.5000000   -3.5034729339e-05    6.4956599783e-19    1.9986744561e-03   -4.4685504197e-20
  84.6000000   -2.2209527526e-04    6.1950863042e-19    1.9969190299e-03   -2.6458218977e-20
  84.7000000   -4.1602685924e-04    5.7096302813e-19    1.9805983711e-03   -9.4252706586e-20
  84.8000000   -6.1482927338e-04    6.3227107932e-19    1.9503332365e-03   -8.9904299571e-20
  84.9000000   -8.1639625977e-04    5.5918505653e-19    1.9069361831e-03   -2.7308115161e-20
  85.0000000   -1.0185386406e-03    4.6905717001e-19    1.8513972606e-03   -2.8440748884e-21
  85.1000000   -1.2190089561e-03    4.5509671807e-19    1.7848662101e-03   -1.8382618900e-20
  85.2000000   -1.4155274851e-03    4.1707273057e-19    1.7086313831e-03   -4.7453487988e-20
  85.3000000   -1.6058092463e-03    3.2191816074e-19    1.6240958114e-03   -1.5879738019e-20
  85.4000000   -1.7875916436e-03    2.9257423632e-19    1.5327509518e-03   -1.1365442383e-19
  85.5000000   -1.9586625242e-03    2.3025209676e-19    1.4361486168e-03    2.8057630879e-20
  85.6000000   -2.1168881301e-03    1.9062637568e-19    1.3358716206e-03   -7.4515562170e-20
  85.7000000   -2.2602407190e-03    5.8277956918e-20    1.2335036552e-03    3.7628747229e-21
  85.8000000   -2.3868254230e-03    1.1638328677e-20    1.1305991232e-03    6.6812194902e-20
  85.9000000   -2.4949059508e-03    5.3173510898e-20    1.0286534789e-03   -1.1652307704e-20
  86.0000000   -2.5829287972e-03   -1.0312774196e-19    9.2907467822e-04    7.0060147224e-20
  86.1000000   -2.6495455253e-03   -1.4671943302e-19    8.3315663821e-04   -1.9128229855e-20
  86.2000000   -2.6936328283e-03   -2.0711528940e-19    7.4205528348e-04   -3.1338073941e-20
  86.3000000   -2.7143100554e-03   -2.5139322707e-19    6.5676738878e-04    1.0888511739e-19
  86.4000000   -2.7109538945e-03   -3.1223079434e-19    5.7811278875e-04   -1.8540869764e-20
  86.5000000   -2.6832099085e-03   -3.5212532785e-19    5.0672048660e-04    4.0708906998e-21
  86.6000000   -2.6310007910e-03   -4.2633483727e-19    4.4301893052e-04   -4.5796312652e-21
  86.7000000   -2.5545311268e-03   -4.7837878408e-19    3.8723066428e-04    4.6181086234e-20
  86.8000000   -2.4542885457e-03   -5.5273185241e-19    3.3937150480e-04   -7.2138726493e-21
  86.9000000   -2.3310412533e-03   -4.9344761616e-19    2.9925410731e-04    4.7853486085e-20
  87.0000000   -2.1858318070e-03   -5.4563387404e-19    2.6649583268e-04    6.5706326963e-20
  87.1000000   -2.0199672785e-03   -5.2256806302e-19    2.4053078960e-04    7.8539533487e-20
  87.2000000   -1.8350058515e-03   -5.4692352240e-19    2.2062566623e-04    1.4879871459e-19
  87.3000000   -1.6327400462e-03   -5.2596262720e-19    2.0589911831e-04    1.4892249210e-19
  87.4000000   -1.4151767282e-03   -4.9774635329e-19    1.9534402909e-04    4.4869415941e-20
  87.5000000   -1.1845141742e-03   -5.5408544971e-19    1.8785223728e-04    9.3754681586e-20
  87.6000000   -9.4311647908e-04   -4.7695726898e-19    1.8224115528e-04    8.9167022705e-20
  87.7000000   -6.9348565478e-04   -4.5838595065e-19    1.7728157464e-04    3.2239644020e-20
  87.8000000   -4.3823169574e-04   -4.0745017130e-19    1.7172627300e-04    1.0333471519e-19
  87.9000000   -1.8004105434e-04   -3.7671884719e-19    1.6433849040e-04    9.4234261426e-20
  88.0000000    7.8356026595e-05   -3.6280712940e-19    1.5391987281e-04    6.1178338621e-20
  88.1000000    3.3421895442e-04   -2.8066582412e-19    1.3933736004e-04    4.3300775260e-20
  88.2000000    5.8483052039e-04   -2.9134535671e-19    1.1954821191e-04    2.3653929694e-19
  88.3000000    8.2753044586e-04   -2.1975013165e-19    9.3622806309e-05    9.7266872881e-20
  88.4000000    1.0597483414e-03   -1.1137746024e-19    6.0764875141e-05    6.6568967063e-20
  88.5000000    1.2790357513e-03   -9.8883107482e-20    2.0328617786e-05    1.3491884889e-19
  88.6000000    1.4830966573e-03   -3.7596252640e-20   -2.8167646945e-05    1.1706195175e-19
  88.7000000    1.6698161014e-03   -8.0502540649e-21   -8.5031011394e-05    1.3593670061e-19
  88.8000000    1.8372865121e-03    7.3390089274e-20   -1.5038711743e-04   -3.5287920928e-20
  88.9000000    1.9838314588e-03    8.2281152290e-20   -2.2417713275e-04   -1.0606954136e-21
  89.0000000    2.1080264665e-03    1.4388371153e-19   -3.0615846137e-04    6.6948755535e-20
  89.1000000    2.2087165366e-03    1.9282331183e-19   -3.9590882031e-04    7.1158818817e-20
  89.2000000    2.2850302173e-03    2.3827076161e-19   -4.9283382070e-04    6.5157422339e-20
  89.3000000    2.3363899645e-03    2.7961075217e-19   -5.9617674753e-04    8.9781415582e-20
  89.4000000    2.3625186805e-03    2.8383977062e-19   -7.0503117536e-04   -1.1704140651e-19
  89.5000000    2.3634423570e-03    3.8424490920e-19   -8.1835617698e-04    1.0285459393e-20
  89.6000000    2.3394886891e-03    3.4170632251e-19   -9.3499406737e-04    3.1616671697e-21
  89.7000000    2.2912817141e-03    3.8128589473e-19   -1.0536886405e-03    8.6624967491e-20
  89.8000000    2.2197325607e-03    3.5609802596e-19   -1.1731042538e-03    9.1537716018e-20
  89.9000000    2.1260264063e-03    3.6781000937e-19   -1.2918460520e-03    1.2591899956e-19
  90.0000000    2.0116058169e-03    3.7287609917e-19   -1.4084802961e-03   -5.5702745789e-20
  90.1000000    1.8781506814e-03    3.6543147522e-19   -1.5215538476e-03    8.4166491447e-20
  90.2000000    1.7275550139e-03    3.7205431041e-19   -1.6296139626e-03   -1.8402813744e-19
  90.3000000    1.5619009564e-03    3.7660590936e-19   -1.7312271704e-03    1.0997779131e-19
  90.4000000    1.3834303322e-03    3.5016487600e-19   -1.8249972431e-03   -3.4810453080e-20
  90.5000000    1.1945141123e-03    2.7899773929e-19   -1.9095819407e-03   -1.4629553304e-19
  90.6000000    9.9762029841e-04    2.3484832346e-19   -1.9837087198e-03   -8.5883273234e-20
  90.7000000    7.9528060367e-04    2.7870369916e-19   -2.0461891809e-03   -1.5222098762e-19
  90.8000000    5.9005640345e-04    2.2377945599e-19   -2.0959323344e-03   -2.3037747412e-19
  90.9000000    3.8450443277e-04    1.8503067766e-19   -2.1319566728e-03   -1.8177870998e-19
  91.0000000    1.8114276690e-04    1.4737070199e-19   -2.1534011148e-03   -5.0035005668e-20
  91.1000000   -1.7582455605e-05    1.6090166654e-19   -2.1595348307e-03   -1.4081161009e-20
  91.2000000   -2.0932909330e-04    1.1426726677e-19   -2.1497659788e-03   -3.2715674496e-20
  91.3000000   -3.9188938743e-04    9.5429407640e-20   -2.1236495395e-03   -1.8734384947e-19
  91.4000000   -5.6321823771e-04    3.8979373844e-20   -2.0808942475e-03   -9.5119904360e-20
  91.5000000   -7.2145897140e-04   -2.2646058609e-20   -2.0213683805e-03   -6.6535255289e-20
  91.6000000   -8.6496627328e-04   -4.7075048613e-20   -1.9451044482e-03   -1.0731945182e-19
  91.7000000   -9.9232585674e-04   -4.3080142193e-20   -1.8523025403e-03   -2.2893705060e-19
  91.8000000   -1.1023706943e-03   -7.2173832657e-20   -1.7433327347e-03   -8.3944366104e-20
  91.9000000   -1.1941935620e-03   -1.4498681244e-19   -1.6187356008e-03   -5.4913397994e-20
  92.0000000   -1.2671556747e-03   -1.2414106030e-19   -1.4792224279e-03   -1.2151835027e-19
  92.1000000   -1.3208913967e-03   -2.2618839258e-19   -1.3256737445e-03   -3.1564608429e-20
  92.2000000   -1.3553088840e-03   -1.3713670165e-19   -1.1591356626e-03    1.7760982606e-20
  92.3000000   -1.3705867825e-03   -1.9849114673e-19   -9.8081449385e-04    3.6475926748e-20
  92.4000000   -1.3671670159e-03   -2.2822714787e-19   -7.9206945097e-04   -6.1662630469e-20
  92.5000000   -1.3457437307e-03   -2.4460120983e-19   -5.9440367085e-04   -3.3445208938e-20
  92.6000000   -1.3072486655e-03   -2.3448196297e-19   -3.8945325072e-04   -6.9331838942e-20
  92.7000000   -1.2528331299e-03   -2.1004515547e-19   -1.7897369743e-04    1.6583663264e-19
  92.8000000   -1.1838469519e-03   -2.2999088421e-19    3.5175499682e-05   -2.5295111133e-20
  92.9000000   -1.1018147714e-03   -2.4631040013e-19    2.5104825163e-04    2.4189309683e-20
  93.0000000   -1.0084099281e-03   -2.1505166832e-19    4.6663105803e-04    7.2530739351e-20
  93.1000000   -9.0542640073e-04   -2.2972699077e-19    6.7986401843e-04    1.8360338195e-20
  93.2000000   -7.9474930163e-04   -1.6061733586e-19    8.8866316791e-04    9.4172311003e-20
  93.3000000   -6.7832436535e-04   -1.5808399226e-19    1.0909440526e-03    1.4628350435e-19
  93.4000000   -5.5812686935e-04   -1.7226862698e-19    1.2846464815e-03    1.6656532404e-19
  93.5000000   -4.3613056694e-04   -6.7544267467e-20    1.4677599007e-03    3.9455747652e-20
  93.6000000   -3.1427705461e-04   -1.0848483514e-19    1.6383489016e-03   -5.6836463594e-20
  93.7000000   -1.9444607908e-04   -9.0981393775e-20    1.7945787007e-03    4.6335673633e-20
  93.8000000   -7.8427286119e-05   -6.8190929608e-20    1.9347401955e-03    1.4596635530e-19
  93.9000000    3.2106181705e-05   -8.0164742503e-20    2.0572741332e-03    5.7911538889e-20
  94.0000000    1.3562179483e-04   -7.5621677935e-22    2.1607939243e-03    1.5556451013e-19
  94.1000000    2.3074909192e-04    5.2060699532e-20    2.2441067525e-03    9.9629501637e-20
  94.2000000    3.1629812317e-04    5.4152764558e-20    2.3062325948e-03    1.6036428766e-19
  94.3000000    3.9127461437e-04    5.3876395876e-20    2.3464207256e-03    7.7412112798e-20
  94.4000000    4.5489163038e-04    6.3389067432e-20    2.3641634278e-03    8.9712356623e-20
  94.5000000    5.0657759114e-04    1.0052098333e-19    2.3592066337e-03    3.9210082395e-21
  94.6000000    5.4598048232e-04    1.3875773410e-19    2.3315567132e-03    3.3331589138e-20
  94.7000000    5.7296833415e-04    1.0909080912e-19    2.2814841848e-03    1.3604902695e-19
  94.8000000    5.8762597358e-04    1.3330270104e-19    2.2095237005e-03    6.6358680261e-20
  94.9000000    5.9024806738e-04    1.9934419898e-19    2.1164700899e-03    4.1229747108e-20
  95.0000000    5.8132876260e-04    2.3238262676e-19    2.0033707747e-03   -2.8880717859e-20
  95.1000000    5.6154806347e-04    1.9291626156e-19    1.8715141225e-03   -4.8157042843e-20
  95.2000000    5.3175528328e-04    1.3203134659e-19    1.7224142353e-03   -6.3252700669e-20
  95.3000000    4.9294988865e-04    2.1186659158e-19    1.5577925133e-03    3.2496334463e-20
  95.4000000    4.4626009882e-04    2.1047403771e-19    1.3795560692e-03   -8.7747860306e-20
  95.5000000    3.9291973325e-04    1.3985867354e-19    1.1897735740e-03   -6.8614013770e-20
  95.6000000    3.3424368969e-04    1.2971064233e-19    9.9064872454e-04    4.8999947402e-20
  95.7000000    2.7160247686e-04    1.3957898352e-19    7.8449163731e-04   -1.2388769446e-19
  95.8000000    2.0639630315e-04    1.2738916818e-19    5.7368895311e-04   -1.0206897476e-19
  95.9000000    1.4002921741e-04    8.7821195995e-20    3.6067277413e-04   -8.6247173715e-20
  96.0000000    7.3883728171e-05    1.3717112329e-19    1.4788896004e-04   -1.6956328518e-20
  96.1000000    9.2963300006e-06    4.8277602782e-20   -6.2234431409e-05   -1.7843643292e-19
  96.2000000   -5.2465654314e-05    3.4304068656e-20   -2.6731840077e-04   -2.5093612379e-19
  96.3000000   -1.1022544337e-04    2.0907803899e-20   -4.6506339661e-04   -7.3422483957e-20
  96.4000000   -1.6291607997e-04    1.6955832945e-20   -6.5327845525e-04   -1.2364862789e-19
  96.5000000   -2.0959735246e-04   -9.6528046029e-21   -8.2990884662e-04   -1.9989352868e-20
  96.6000000   -2.4947008935e-04    1.7829892479e-20   -9.9306160383e-04    2.3722192557e-20
  96.7000000   -2.8188753957e-04   -3.8838067170e-20   -1.1410288750e-03   -1.7347780675e-19
  96.8000000   -3.0636373749e-04   -4.8068063780e-20   -1.2723088499e-03    4.2552527437e-20
  96.9000000   -3.2257878921e-04   -8.9255600399e-20   -1.3856236649e-03   -9.4541786076e-20
  97.0000000   -3.3038098277e-04   -9.0930615313e-20   -1.4799346632e-03   -1.1615765233e-19
  97.1000000   -3.2978577361e-04   -1.1117638026e-19   -1.5544543009e-03   -8.3610750109e-21
  97.2000000   -3.2097171496e-04   -1.5178145588e-19   -1.6086550660e-03   -4.0154446398e-20
  97.3000000   -3.0427345360e-04   -1.4845768101e-19   -1.6422750132e-03   -3.2976323865e-20
  97.4000000   -2.8017197559e-04   -1.9503146626e-19   -1.6553197942e-03   -1.0139993768e-19
  97.5000000   -2.4928235213e-04   -1.9005586324e-19   -1.6480614733e-03    2.7402076216e-21
  97.6000000   -2.1233927351e-04   -2.0012467127e-19   -1.6210338359e-03    7.8761472166e-21
  97.7000000   -1.7018062369e-04   -1.6715788506e-19   -1.5750244217e-03   -2.2250511315e-20
  97.8000000   -1.2372946368e-04   -1.3947906064e-19   -1.5110633698e-03   -4.1730160986e-20
  97.9000000   -7.3974791298e-05   -1.6687335293e-19   -1.4304092244e-03   -6.0258230017e-20
  98.0000000   -2.1951480436e-05   -1.7545255110e-19   -1.3345317713e-03    6.4746909423e-20
  98.1000000    3.1280209809e-05   -1.5778773596e-19   -1.2250922500e-03   -1.4428989998e-20
  98.2000000    8.4655198646e-05   -1.4637481249e-19   -1.1039209839e-03    1.0987323894e-19
  98.3000000    1.3712387074e-04   -1.5780580909e-19   -9.7299283113e-04    7.1642258309e-20
  98.4000000    1.8767164612e-04   -1.3730434147e-19   -8.3440077057e-04    1.1331638116e-19
  98.5000000    2.3533749585e-04   -8.4345369907e-20   -6.9032786482e-04    1.0479240917e-19
  98.6000000    2.7923111518e-04   -5.9800905035e-20   -5.4301797955e-04    9.3137587201e-20
  98.7000000    3.1854841826e-04   -8.6089802759e-20   -3.9474563760e-04    4.3937020045e-20
  98.8000000    3.5258513475e-04   -2.8406419846e-21   -2.4778559600e-04    3.3698834666e-20
  98.9000000    3.8074829627e-04   -9.5111170662e-21   -1.0438219295e-04    1.2281552309e-19
  99.0000000    4.0256540931e-04   -6.8881456690e-21    3.3281078324e-05    3.3204411329e-20
  99.1000000    4.1769119936e-04    5.8759192176e-20    1.6311055375e-04    4.4186971343e-20
  99.2000000    4.2591182211e-04    2.7122929971e-20    2.8313091027e-04   -4.3099182160e-21
  99.3000000    4.2714654992e-04    8.6871492432e-20    3.9151191458e-04    7.3523637098e-20
  99.4000000    4.2144697421e-04    7.4487011887e-20    4.8659316399e-04   -2.5155257567e-20
  99.5000000    4.0899371794e-04    8.5617676348e-20    5.6690653433e-04    2.2138799552e-22
  99.6000000    3.9009079612e-04    1.0190236240e-19    6.3119612560e-04   -1.4633630236e-20
  99.7000000    3.6515777824e-04    1.2598911840e-19    6.7843523769e-04    1.0639895377e-19
  99.8000000    3.3471994917e-04    1.2018317524e-19    7.0784034101e-04   -3.6017908136e-20
  99.9000000    2.9939670713e-04    1.8647539972e-19    7.1888151053e-04   -6.0047290297e-20
 100.0000000    2.5988838924e-04    2.2650025114e-19    7.1128944882e-04   -6.5710478967e-21
